1 0.232813 0.790741 0.069792 0.101852
0 0.638281 0.800926 0.095312 0.138889
0 0.577604 0.576389 0.096875 0.237963
0 0.599479 0.300463 0.1125 0.186111
0 0.478385 0.963426 0.073438 0.073148
0 0.102083 0.908796 0.105208 0.099074
0 0.089844 0.825 0.141146 0.112963
0 0.015885 0.428241 0.030729 0.110185
0 0.152083 0.227778 0.105208 0.168519
0 0.030208 0.17037 0.059375 0.153704
1 0.869531 0.814815 0.059896 0.068519
2 0.475781 0.177778 0.164062 0.148148
2 0.307812 0.515278 0.115625 0.184259
1 0.026042 0.656019 0.051042 0.099074
1 0.515885 0.652778 0.072396 0.138889
1 0.486719 0.607407 0.048438 0.088889
1 0.442188 0.725 0.090625 0.161111
1 0.352083 0.756944 0.078125 0.121296
1 0.33099 0.118519 0.053646 0.087037
1 0.941146 0.6 0.117708 0.183333
1 0.778125 0.524074 0.119792 0.151852
1 0.60625 0.121759 0.105208 0.180556
1 0.175 0.453704 0.127083 0.168519
