2 0.544792 0.10463 0.023958 0.066667
1 0.438802 0.117593 0.038021 0.057407
1 0.791667 0.843519 0.053125 0.053704
1 0.422396 0.386111 0.034375 0.053704
1 0.48724 0.366667 0.041146 0.061111
1 0.498698 0.297685 0.050521 0.080556
1 0.420573 0.312963 0.027604 0.048148
1 0.604948 0.311111 0.066146 0.094444
1 0.696615 0.170833 0.075521 0.106481
1 0.570312 0.093056 0.046875 0.089815
1 0.510677 0.028704 0.068229 0.053704
1 0.057031 0.238889 0.113021 0.107407
0 0.647656 0.893981 0.029687 0.034259
0 0.615885 0.874537 0.023438 0.028704
0 0.551042 0.905556 0.01875 0.025926
0 0.38099 0.975463 0.018229 0.023148
0 0.340885 0.984722 0.025521 0.030556
0 0.296354 0.974074 0.033333 0.044444
0 0.245312 0.982407 0.033333 0.035185
0 0.14401 0.985648 0.053646 0.028704
0 0.133594 0.958796 0.035937 0.041667
0 0.520052 0.887963 0.032813 0.040741
0 0.597396 0.843981 0.040625 0.058333
0 0.480729 0.864352 0.040625 0.058333
0 0.446875 0.921296 0.032292 0.037037
0 0.736198 0.837963 0.035937 0.05
0 0.709115 0.787963 0.046354 0.059259
0 0.421875 0.755556 0.035417 0.046296
0 0.470052 0.722222 0.051562 0.074074
0 0.688802 0.649537 0.070312 0.086111
0 0.947135 0.411574 0.105729 0.099074
0 0.839583 0.650926 0.047917 0.044444
0 0.725 0.464815 0.075 0.094444
0 0.617969 0.594444 0.061979 0.087037
0 0.514323 0.587963 0.077604 0.116667
0 0.379427 0.569444 0.055729 0.07963
0 0.328646 0.614815 0.046875 0.053704
0 0.286979 0.497685 0.077083 0.097222
0 0.086198 0.490741 0.090104 0.090741
0 0.078125 0.369444 0.138542 0.133333
0 0.042969 0.117593 0.083854 0.135185
1 0.432812 0.661111 0.035417 0.064815
