0 0.507812 0.141204 0.045833 0.076852
0 0.595313 0.26713 0.071875 0.136111
0 0.567708 0.383796 0.042708 0.062037
0 0.766927 0.349537 0.069271 0.10463
0 0.68125 0.628241 0.054167 0.119444
0 0.016927 0.483796 0.030729 0.078704
0 0.070573 0.569444 0.054688 0.103704
0 0.209375 0.473611 0.032292 0.050926
0 0.177083 0.963889 0.051042 0.072222
0 0.228385 0.950926 0.059896 0.088889
0 0.289323 0.916667 0.063021 0.127778
0 0.390885 0.44213 0.057812 0.080556
1 0.382031 0.371759 0.065104 0.082407
2 0.844271 0.69537 0.135417 0.107407
2 0.484635 0.891667 0.141146 0.077778
2 0.314323 0.958333 0.111979 0.083333
2 0.477865 0.250926 0.078646 0.088889
