1 0.352604 0.127315 0.052083 0.073148
0 0.495052 0.504167 0.076563 0.126852
0 0.429688 0.489352 0.0625 0.119444
0 0.391406 0.418519 0.057812 0.090741
0 0.357552 0.359722 0.056771 0.091667
0 0.335677 0.271759 0.051562 0.089815
0 0.296094 0.244907 0.048438 0.089815
0 0.2375 0.318981 0.060417 0.084259
0 0.21849 0.231019 0.082812 0.113889
0 0.08776 0.038889 0.102604 0.075926
0 0.646615 0.755093 0.077604 0.110185
0 0.634115 0.595833 0.084896 0.156481
0 0.561979 0.653704 0.08125 0.153704
0 0.503906 0.781481 0.070312 0.12037
0 0.363802 0.678241 0.072396 0.110185
0 0.180208 0.626389 0.097917 0.115741
0 0.056771 0.742593 0.1125 0.122222
1 0.439323 0.377778 0.055729 0.114815
1 0.363281 0.047222 0.097396 0.087037
1 0.676042 0.0875 0.082292 0.099074
1 0.803646 0.842593 0.104167 0.146296
1 0.247396 0.930093 0.111458 0.139815
1 0.552083 0.968519 0.072917 0.062963
2 0.599219 0.868981 0.061979 0.175
