0 0.025 0.445833 0.048958 0.126852
0 0.066667 0.144907 0.132292 0.123148
0 0.248177 0.314352 0.096354 0.110185
0 0.248177 0.410648 0.067187 0.097222
0 0.319271 0.427315 0.063542 0.100926
0 0.400521 0.472222 0.080208 0.116667
0 0.473177 0.071759 0.088021 0.117593
0 0.5875 0.038426 0.077083 0.075
0 0.739583 0.139815 0.088542 0.090741
0 0.874219 0.050463 0.131771 0.099074
0 0.864323 0.314815 0.121354 0.124074
0 0.63125 0.625 0.0875 0.109259
0 0.354948 0.915278 0.069271 0.106481
0 0.277344 0.864352 0.084896 0.110185
1 0.151042 0.286574 0.127083 0.137963
1 0.246094 0.044444 0.079687 0.083333
1 0.390365 0.08287 0.064062 0.102778
1 0.547135 0.317593 0.090104 0.112963
2 0.58125 0.915278 0.113542 0.119444
1 0.6875 0.900926 0.090625 0.125926
1 0.796615 0.636111 0.100521 0.146296
1 0.517708 0.494444 0.072917 0.127778
1 0.389323 0.624537 0.082812 0.143519
1 0.14974 0.511574 0.081771 0.106481
1 0.053906 0.64213 0.086979 0.099074
1 0.209375 0.740741 0.115625 0.15
2 0.927865 0.506481 0.144271 0.209259
