0 0.960938 0.040741 0.078125 0.07963
0 0.940365 0.604167 0.070312 0.091667
0 0.809115 0.633796 0.082812 0.117593
0 0.676302 0.372685 0.105729 0.117593
0 0.147396 0.173148 0.069792 0.094444
0 0.043229 0.2375 0.085417 0.139815
0 0.51875 0.793519 0.064583 0.085185
0 0.364063 0.767593 0.104167 0.109259
1 0.317448 0.554167 0.129688 0.180556
1 0.252865 0.675926 0.118229 0.185185
1 0.182292 0.907407 0.120833 0.146296
1 0.970052 0.540741 0.059896 0.124074
1 0.976562 0.812963 0.046875 0.12963
1 0.972917 0.341667 0.054167 0.135185
1 0.62526 0.048148 0.070312 0.094444
1 0.60651 0.369907 0.077604 0.115741
1 0.43776 0.238426 0.064062 0.108333
1 0.261719 0.235648 0.089063 0.10463
1 0.217969 0.459259 0.094271 0.133333
1 0.135417 0.52037 0.116667 0.185185
1 0.095052 0.751852 0.138021 0.144444
