1 0.925781 0.315741 0.036979 0.038889
0 0.874479 0.096296 0.01875 0.035185
0 0.820312 0.09537 0.021875 0.031481
1 0.801042 0.125 0.025 0.05
1 0.822396 0.196296 0.019792 0.040741
0 0.815365 0.124537 0.019271 0.028704
0 0.848958 0.177778 0.020833 0.038889
0 0.908333 0.250463 0.025 0.030556
0 0.883333 0.255556 0.023958 0.033333
0 0.857552 0.265278 0.015104 0.023148
0 0.889323 0.284259 0.022396 0.027778
0 0.86901 0.32963 0.021354 0.027778
0 0.84401 0.222685 0.016146 0.026852
0 0.816406 0.250926 0.024479 0.035185
0 0.794531 0.171296 0.017188 0.035185
0 0.767708 0.100926 0.022917 0.044444
0 0.733073 0.048611 0.034896 0.043519
1 0.747917 0.016204 0.026042 0.028704
1 0.714844 0.178704 0.026562 0.053704
1 0.753125 0.229167 0.033333 0.060185
1 0.67474 0.2125 0.017188 0.080556
0 0.794792 0.218981 0.040625 0.062037
0 0.967708 0.401389 0.029167 0.036111
1 0.964062 0.436111 0.023958 0.046296
1 0.938542 0.400463 0.026042 0.04537
0 0.808594 0.330093 0.045312 0.050926
1 0.789844 0.429167 0.035937 0.050926
0 0.732552 0.322685 0.036979 0.041667
1 0.979167 0.528704 0.030208 0.057407
0 0.696615 0.2125 0.034896 0.063889
0 0.653385 0.296759 0.047396 0.076852
1 0.679167 0.360648 0.022917 0.084259
1 0.654948 0.519907 0.026562 0.05463
0 0.973177 0.6125 0.053646 0.060185
0 0.909375 0.719907 0.055208 0.052778
1 0.872396 0.695833 0.05 0.05463
1 0.757552 0.633333 0.032813 0.057407
1 0.732552 0.566204 0.047396 0.076852
1 0.770312 0.562037 0.059375 0.085185
0 0.81901 0.580556 0.069271 0.088889
0 0.701302 0.548611 0.033854 0.063889
0 0.690625 0.585648 0.044792 0.091667
0 0.714583 0.628704 0.048958 0.083333
0 0.697656 0.477778 0.033854 0.074074
0 0.716927 0.441204 0.048438 0.062037
1 0.636979 0.627778 0.048958 0.07037
0 0.61875 0.433333 0.082292 0.127778
0 0.61849 0.566204 0.077604 0.134259
0 0.569792 0.643056 0.069792 0.123148
0 0.192448 0.227778 0.157812 0.155556
1 0.353385 0.725926 0.085938 0.131481
1 0.203906 0.662963 0.072396 0.087037
1 0.279427 0.449074 0.066146 0.088889
1 0.567448 0.306481 0.068229 0.116667
1 0.310417 0.906944 0.066667 0.082407
1 0.052604 0.385185 0.0625 0.061111
1 0.174219 0.121296 0.090104 0.098148
1 0.360677 0.048148 0.090104 0.083333
1 0.438542 0.062037 0.078125 0.075926
1 0.514583 0.189815 0.047917 0.1
