3 0.376823 0.374306 0.032292 0.049537
2 0.442578 0.793981 0.041406 0.10463
1 0.594792 0.982639 0.016667 0.034722
1 0.701823 0.976389 0.046354 0.047222
3 0.857943 0.824537 0.046615 0.062037
3 0.336849 0.416898 0.025781 0.040278
3 0.467057 0.181019 0.020573 0.038889
2 0.457031 0.068056 0.021354 0.039815
2 0.414844 0.113889 0.027083 0.028704
2 0.392578 0.201157 0.036719 0.044907
2 0.440234 0.353241 0.022656 0.034259
2 0.485156 0.293287 0.0375 0.050463
2 0.450911 0.628472 0.052865 0.064352
2 0.301302 0.506944 0.027083 0.110185
0 0.445052 0.687963 0.041146 0.087037
0 0.415365 0.546991 0.046354 0.084722
0 0.398307 0.928241 0.041927 0.087963
0 0.345443 0.695602 0.047135 0.083796
0 0.339323 0.759491 0.040104 0.069907
1 0.610547 0.021991 0.048177 0.043056
1 0.094922 0.635185 0.028385 0.068519
