2 0.435026 0.802546 0.022656 0.036574
3 0.375781 0.750926 0.01875 0.034259
3 0.382161 0.806481 0.020052 0.028704
0 0.331641 0.555093 0.020573 0.043519
0 0.307682 0.603704 0.022135 0.044444
0 0.3 0.559954 0.020833 0.040278
0 0.314193 0.51875 0.019531 0.049537
0 0.302865 0.486111 0.01875 0.037037
0 0.299349 0.677546 0.020573 0.041204
0 0.348438 0.481019 0.021875 0.051852
0 0.360677 0.498148 0.024479 0.044444
0 0.354818 0.584259 0.019531 0.037963
0 0.348698 0.628935 0.022396 0.051389
0 0.327604 0.665972 0.019271 0.045833
0 0.361589 0.714352 0.022656 0.048148
0 0.385026 0.68287 0.020573 0.042593
0 0.376042 0.643056 0.027083 0.052778
0 0.386068 0.583565 0.026302 0.050463
0 0.41862 0.557176 0.025781 0.055093
0 0.426953 0.616204 0.020573 0.047222
0 0.420312 0.672454 0.023958 0.056019
0 0.450651 0.672454 0.027865 0.060648
2 0.451823 0.581944 0.027604 0.053704
0 0.48112 0.560648 0.028385 0.057407
0 0.540365 0.619213 0.038021 0.070833
0 0.502865 0.497685 0.022396 0.052778
0 0.485156 0.443287 0.034896 0.069907
0 0.521484 0.397222 0.036719 0.072222
0 0.530599 0.481019 0.027865 0.062963
0 0.580208 0.5 0.035417 0.082407
0 0.597656 0.445602 0.034375 0.074537
0 0.685026 0.374306 0.04401 0.083796
2 0.614323 0.272454 0.040625 0.079167
2 0.838932 0.186111 0.030469 0.053704
2 0.772526 0.222454 0.022656 0.036574
2 0.791536 0.040046 0.046615 0.036574
2 0.690885 0.47338 0.054167 0.059722
1 0.396094 0.900694 0.051562 0.122685
1 0.473438 0.84375 0.068229 0.238426
1 0.616927 0.803241 0.021354 0.051852
1 0.68776 0.830093 0.054167 0.075926
1 0.583073 0.775 0.021875 0.038889
3 0.888542 0.884722 0.048438 0.067593
3 0.669922 0.220833 0.027865 0.033333
1 0.408073 0.433333 0.032813 0.068519
