3 0.372135 0.444676 0.029687 0.050463
0 0.459635 0.796296 0.048438 0.078704
0 0.423568 0.644213 0.047135 0.098611
0 0.352474 0.810185 0.042969 0.090741
1 0.61224 0.048611 0.048958 0.07037
3 0.459375 0.230556 0.029687 0.043519
3 0.327734 0.492361 0.03099 0.046759
2 0.48099 0.867361 0.072917 0.150463
2 0.465104 0.733333 0.056771 0.064815
2 0.44375 0.106019 0.024479 0.051852
2 0.290625 0.599074 0.030208 0.131481
2 0.440885 0.421296 0.023958 0.039815
2 0.485547 0.350231 0.041927 0.044907
2 0.376953 0.252778 0.041927 0.047222
2 0.402604 0.154167 0.027083 0.037963
1 0.057422 0.742361 0.03724 0.069907
