3 0.529297 0.061806 0.022656 0.036574
2 0.458984 0.083565 0.033073 0.039352
2 0.530208 0.170139 0.032292 0.044907
2 0.484115 0.226389 0.021354 0.035185
0 0.08099 0.810185 0.054688 0.067593
0 0.242839 0.628704 0.047135 0.072222
0 0.274219 0.553704 0.034896 0.073148
0 0.301302 0.627083 0.0375 0.068981
0 0.359896 0.737731 0.046354 0.079167
0 0.366797 0.609259 0.034115 0.076852
0 0.375521 0.542824 0.034896 0.074537
0 0.440625 0.408102 0.04375 0.078241
2 0.348698 0.359491 0.029167 0.102315
2 0.469922 0.492361 0.057552 0.054167
3 0.77474 0.668981 0.042708 0.061111
1 0.589583 0.788426 0.059375 0.090741
1 0.145573 0.683796 0.0375 0.078704
1 0.503906 0.850463 0.036458 0.062037
3 0.389323 0.284722 0.026562 0.033333
