0 0.65638 0.474074 0.036719 0.07037
0 0.585417 0.547454 0.030208 0.056019
0 0.567708 0.594444 0.034896 0.072222
0 0.511198 0.510185 0.029167 0.063889
0 0.521745 0.58588 0.028385 0.075463
0 0.502474 0.605324 0.017969 0.036574
0 0.478255 0.556713 0.036719 0.074537
0 0.520573 0.705324 0.032292 0.059722
0 0.480339 0.662731 0.02526 0.055093
2 0.453385 0.680556 0.027083 0.056481
0 0.424479 0.672454 0.029687 0.058796
0 0.432292 0.729861 0.024479 0.044907
0 0.452865 0.762037 0.024479 0.042593
0 0.441536 0.795139 0.023698 0.049537
0 0.425391 0.771065 0.017448 0.04213
0 0.395443 0.785417 0.023177 0.043981
0 0.384766 0.743519 0.026302 0.051852
0 0.389714 0.693519 0.028385 0.052778
0 0.355078 0.738426 0.022656 0.043519
0 0.363542 0.693056 0.021354 0.042593
1 0.572526 0.862731 0.020052 0.035648
1 0.626302 0.874306 0.040104 0.072685
3 0.644141 0.332407 0.028906 0.037037
3 0.787891 0.906944 0.036719 0.062037
2 0.664453 0.5625 0.05026 0.049074
2 0.756641 0.160417 0.041406 0.031944
2 0.733203 0.332407 0.017448 0.034259
2 0.791146 0.296296 0.029167 0.049074
2 0.595703 0.382407 0.041927 0.076852
1 0.454687 0.887963 0.059375 0.173148
1 0.397656 0.959722 0.035417 0.080556
3 0.388281 0.908796 0.021875 0.037963
3 0.382161 0.852083 0.020052 0.041204
0 0.311979 0.601389 0.01875 0.035185
0 0.311198 0.674074 0.01875 0.043519
0 0.322526 0.630093 0.017969 0.044444
0 0.326693 0.713194 0.017448 0.036574
0 0.338672 0.668287 0.017969 0.045833
0 0.354818 0.595602 0.019531 0.040278
0 0.367057 0.615278 0.023177 0.042593
