1 0.405078 0.45463 0.036198 0.072222
1 0.589323 0.804861 0.021354 0.041204
1 0.629036 0.831944 0.028385 0.056481
1 0.703125 0.859954 0.059375 0.089352
3 0.914323 0.916898 0.048438 0.074537
3 0.876693 0.076852 0.036198 0.043519
3 0.66901 0.240278 0.032292 0.037963
1 0.396745 0.932176 0.047656 0.11713
1 0.477604 0.871528 0.070312 0.247685
2 0.441927 0.831944 0.038542 0.049074
3 0.369661 0.778472 0.019531 0.041204
3 0.37513 0.840509 0.027865 0.034722
0 0.292578 0.50787 0.017448 0.037037
0 0.30612 0.542361 0.021094 0.055093
0 0.292578 0.585185 0.020052 0.037963
0 0.301823 0.627083 0.019271 0.045833
0 0.327344 0.578472 0.01875 0.046759
0 0.340365 0.503935 0.023958 0.04213
0 0.357422 0.519213 0.023177 0.041204
0 0.351172 0.606481 0.021094 0.043519
0 0.341667 0.657639 0.021354 0.054167
0 0.323828 0.691898 0.028385 0.051389
0 0.357422 0.743056 0.023177 0.057407
0 0.38151 0.710417 0.027604 0.049537
0 0.373568 0.658102 0.028385 0.059722
0 0.383724 0.604861 0.025781 0.051389
0 0.415755 0.584954 0.028906 0.055093
0 0.420964 0.644213 0.022656 0.050463
0 0.418359 0.700463 0.028906 0.05463
0 0.446354 0.70162 0.032292 0.064352
0 0.458073 0.75162 0.029687 0.056019
0 0.477995 0.581944 0.028385 0.056481
0 0.54349 0.641667 0.039583 0.067593
0 0.507422 0.660417 0.022656 0.041204
0 0.482812 0.470139 0.035417 0.073611
0 0.501823 0.525694 0.025521 0.046759
0 0.528255 0.497222 0.036198 0.072222
0 0.517708 0.417824 0.032813 0.069907
0 0.578646 0.51875 0.041146 0.083796
0 0.601562 0.472222 0.034375 0.066667
0 0.686328 0.395139 0.045052 0.083796
2 0.448958 0.604861 0.035937 0.058796
2 0.691797 0.499306 0.057552 0.069907
2 0.616016 0.290509 0.042448 0.088426
2 0.791146 0.066435 0.043229 0.036574
2 0.771224 0.241898 0.020052 0.041204
2 0.83724 0.205787 0.0375 0.058796
