3 0.420573 0.8125 0.0375 0.047222
3 0.36888 0.694213 0.052865 0.094907
0 0.472526 0.950231 0.089844 0.099537
0 0.544401 0.908796 0.058073 0.12037
0 0.586979 0.88287 0.067187 0.116667
0 0.49388 0.78125 0.076823 0.131944
0 0.566016 0.77662 0.071615 0.122685
0 0.498307 0.667361 0.083073 0.123611
0 0.611589 0.680324 0.07474 0.127315
2 0.595443 0.644907 0.123698 0.143519
0 0.670833 0.654861 0.064583 0.103241
0 0.71276 0.595139 0.08125 0.11713
0 0.782031 0.580093 0.054688 0.096296
0 0.810937 0.52963 0.048958 0.096296
0 0.543229 0.534259 0.067187 0.110185
0 0.66224 0.326157 0.057292 0.090278
0 0.771224 0.293981 0.05599 0.109259
0 0.188411 0.20162 0.045052 0.080093
0 0.21901 0.13912 0.046875 0.093056
0 0.266146 0.089352 0.052083 0.096296
0 0.302214 0.021991 0.044531 0.043056
2 0.308594 0.254398 0.048438 0.131019
1 0.952083 0.802083 0.095312 0.138426
