2 0.977995 0.499306 0.04401 0.099537
3 0.69987 0.343981 0.069531 0.091667
0 0.859635 0.772222 0.114062 0.187037
1 0.053516 0.716667 0.076302 0.187963
1 0.411589 0.683565 0.091406 0.204167
1 0.483203 0.530324 0.100781 0.118056
0 0.735026 0.734259 0.11276 0.212037
0 0.785026 0.892593 0.079948 0.15463
0 0.81862 0.954167 0.085156 0.091667
0 0.955469 0.809028 0.089063 0.200463
0 0.954167 0.652546 0.091667 0.204167
0 0.848568 0.552778 0.11276 0.211111
0 0.904687 0.41088 0.133333 0.209722
0 0.986068 0.322917 0.027865 0.170833
3 0.808724 0.380093 0.041927 0.042593
3 0.72513 0.516435 0.047656 0.056019
