3 0.623177 0.022454 0.046354 0.043981
0 0.969271 0.284259 0.061458 0.144444
0 0.791146 0.503241 0.118229 0.178704
0 0.713802 0.658102 0.115625 0.208796
0 0.965755 0.741898 0.06849 0.213426
0 0.884375 0.75625 0.116146 0.189352
0 0.804427 0.871991 0.099479 0.200463
0 0.830859 0.977546 0.084115 0.044907
0 0.743099 0.968981 0.077344 0.062037
0 0.626953 0.983333 0.085156 0.033333
0 0.692839 0.826157 0.117448 0.209722
2 0.845573 0.704167 0.167708 0.139815
2 0.472266 0.070602 0.045052 0.140278
3 0.623437 0.634722 0.043229 0.051852
3 0.57513 0.827315 0.047135 0.062963
3 0.508984 0.625926 0.069531 0.119444
