3 0.391536 0.855556 0.049219 0.096296
3 0.189583 0.684491 0.046354 0.075463
3 0.629557 0.132176 0.060677 0.079167
2 0.945443 0.731713 0.109115 0.121759
0 0.979948 0.250463 0.040104 0.177778
0 0.930469 0.234954 0.081771 0.146759
2 0.904948 0.190278 0.132812 0.091667
1 0.048828 0.524537 0.06901 0.159259
1 0.368229 0.449537 0.08125 0.174074
1 0.42487 0.30625 0.101302 0.103241
0 0.64349 0.427546 0.105208 0.194907
0 0.692187 0.566204 0.116146 0.197222
0 0.736328 0.715046 0.096094 0.141204
0 0.749349 0.453472 0.09349 0.175463
0 0.816667 0.430093 0.103125 0.192593
0 0.839193 0.325694 0.101823 0.194907
0 0.748307 0.269444 0.114844 0.181481
0 0.790234 0.150231 0.11849 0.204167
0 0.910156 0.056944 0.113542 0.112963
2 0.473177 0.8125 0.102604 0.067593
2 0.841797 0.819907 0.120052 0.24537
0 0.886719 0.631713 0.065104 0.11713
0 0.961198 0.644444 0.077604 0.146296
