0 0.401953 0.027778 0.05026 0.05463
0 0.358724 0.059491 0.058073 0.1125
3 0.606641 0.112269 0.039323 0.048611
3 0.553125 0.839815 0.040625 0.051852
3 0.596615 0.686806 0.032292 0.034722
3 0.50612 0.668287 0.052344 0.10787
2 0.47474 0.158333 0.040104 0.149074
2 0.976432 0.394444 0.047135 0.110185
0 0.595313 0.974769 0.083854 0.050463
0 0.684766 0.965509 0.079427 0.068981
0 0.749479 0.967824 0.08125 0.064352
0 0.648307 0.839352 0.100781 0.186111
0 0.734115 0.874306 0.090104 0.170833
0 0.805078 0.799306 0.098177 0.169907
0 0.88763 0.782407 0.098177 0.173148
0 0.945703 0.744213 0.108594 0.165278
0 0.667057 0.704167 0.095573 0.162963
0 0.733854 0.57963 0.094792 0.14537
0 0.903125 0.384028 0.080208 0.118981
