0 0.969661 0.130556 0.060677 0.124074
2 0.832422 0.546296 0.165885 0.148148
0 0.960286 0.571528 0.079427 0.203241
0 0.877604 0.595139 0.105208 0.185648
0 0.778516 0.358796 0.114844 0.181481
0 0.697005 0.500926 0.107552 0.183333
0 0.788021 0.700463 0.105208 0.201852
0 0.677865 0.675926 0.113542 0.212037
0 0.820182 0.878935 0.114323 0.195833
0 0.729557 0.884722 0.099219 0.202778
0 0.70026 0.981481 0.072917 0.037037
0 0.616667 0.906019 0.11875 0.187963
2 0.476042 0.035648 0.029687 0.07037
3 0.563411 0.684954 0.04974 0.056019
3 0.613411 0.509028 0.038802 0.039352
3 0.504687 0.513657 0.067708 0.109722
