2 0.88724 0.175231 0.178646 0.1125
0 0.716797 0.239583 0.109635 0.179167
0 0.804427 0.285185 0.108333 0.192593
0 0.777995 0.380556 0.099219 0.192593
0 0.716667 0.418056 0.090104 0.182407
0 0.61276 0.393287 0.113542 0.210648
0 0.6625 0.541204 0.123958 0.208333
2 0.916667 0.656944 0.130208 0.153704
0 0.926042 0.57662 0.081771 0.126389
0 0.851823 0.571065 0.069271 0.11713
1 0.032682 0.5 0.064844 0.158333
1 0.348438 0.422454 0.076042 0.147685
1 0.410807 0.283102 0.109635 0.1125
2 0.809245 0.751157 0.117969 0.247685
2 0.450911 0.775926 0.099219 0.062963
0 0.709245 0.670139 0.079427 0.138426
0 0.9125 0.227546 0.111458 0.200463
0 0.980599 0.227546 0.038802 0.195833
0 0.763411 0.118981 0.117969 0.201852
0 0.875 0.044213 0.108854 0.0875
3 0.169661 0.669213 0.05026 0.083796
3 0.60612 0.109491 0.054948 0.079167
3 0.370833 0.81412 0.051562 0.0875
