2 0.802734 0.959722 0.09349 0.080556
3 0.071224 0.830787 0.063802 0.104167
0 0.972526 0.137963 0.054948 0.193519
0 0.904167 0.128704 0.097396 0.173148
0 0.805729 0.127083 0.110937 0.156019
2 0.78763 0.096759 0.172656 0.090741
0 0.682292 0.071759 0.1 0.142593
0 0.633203 0.168056 0.096094 0.168519
0 0.719792 0.196528 0.086458 0.159722
0 0.686068 0.275694 0.074219 0.145833
0 0.63737 0.320833 0.066927 0.135185
0 0.634375 0.56412 0.078125 0.14213
0 0.58776 0.435185 0.089063 0.173148
0 0.546354 0.310648 0.094271 0.178704
3 0.547656 0.062963 0.056771 0.071296
3 0.138021 0.616898 0.047917 0.09213
1 0.019141 0.456481 0.03776 0.139815
1 0.305859 0.362269 0.066927 0.146759
1 0.358333 0.227546 0.094792 0.099537
2 0.624089 0.881944 0.116927 0.139815
2 0.718229 0.634491 0.110417 0.2375
0 0.750911 0.453935 0.069531 0.131019
0 0.823177 0.46713 0.073438 0.12963
0 0.953646 0.43125 0.070312 0.146759
2 0.825781 0.527315 0.121354 0.174074
2 0.401562 0.68287 0.096354 0.067593
3 0.950521 0.872685 0.098958 0.162963
