0 0.419531 0.015741 0.040625 0.030556
0 0.376172 0.047685 0.055469 0.094444
0 0.85599 0.825 0.105729 0.175
0 0.777604 0.911574 0.092188 0.176852
0 0.681771 0.871991 0.108333 0.200463
0 0.935026 0.815741 0.088281 0.168519
0 0.977344 0.78588 0.045312 0.184722
0 0.703125 0.720602 0.097917 0.175463
0 0.772786 0.588194 0.099219 0.171759
0 0.955729 0.385185 0.088542 0.128704
2 0.827344 0.7625 0.161979 0.121296
2 0.490885 0.140509 0.042708 0.156944
3 0.523568 0.680556 0.061198 0.111111
3 0.579688 0.866204 0.045833 0.056481
3 0.624479 0.7 0.038542 0.044444
3 0.632812 0.093981 0.040104 0.048148
