0 0.984766 0.884028 0.030469 0.126389
3 0.688281 0.40463 0.046354 0.052778
0 0.69375 0.596759 0.10625 0.210185
0 0.743099 0.759028 0.10599 0.190278
0 0.808594 0.912269 0.1 0.175463
0 0.809635 0.632407 0.094271 0.200926
0 0.897005 0.633333 0.107552 0.202778
0 0.914062 0.50787 0.105729 0.197222
0 0.980208 0.424306 0.039583 0.174537
0 0.80013 0.42662 0.117969 0.218056
0 0.851172 0.296296 0.119531 0.212037
0 0.960938 0.179398 0.078125 0.189352
1 0.045833 0.652546 0.073438 0.185648
1 0.388932 0.593981 0.08776 0.192593
1 0.45026 0.438657 0.108333 0.122685
2 0.507682 0.981481 0.10599 0.037037
3 0.664453 0.248843 0.064323 0.084722
2 0.94375 0.375926 0.1125 0.110185
