0 0.968359 0.780324 0.063281 0.138426
2 0.932812 0.316435 0.134375 0.103241
1 0.44349 0.398843 0.107812 0.121759
1 0.38125 0.545833 0.080208 0.187963
1 0.05 0.616204 0.067708 0.177778
3 0.651432 0.209722 0.063281 0.085185
3 0.410026 0.965509 0.04974 0.068981
2 0.493099 0.936111 0.096094 0.076852
0 0.948958 0.125463 0.102083 0.193519
0 0.831771 0.234028 0.119271 0.204167
0 0.780208 0.368056 0.115625 0.211111
0 0.969661 0.340509 0.060677 0.156019
0 0.890234 0.428935 0.098177 0.194907
0 0.873177 0.552778 0.089583 0.183333
0 0.788281 0.561111 0.086458 0.177778
0 0.783464 0.843287 0.085677 0.147685
0 0.726693 0.695833 0.095052 0.192593
0 0.677995 0.538889 0.10599 0.215741
3 0.675391 0.356481 0.04401 0.048148
2 0.975391 0.869213 0.049219 0.1125
2 0.902474 0.920833 0.108594 0.158333
