0 0.777604 0.090972 0.031771 0.051389
0 0.779818 0.031481 0.03099 0.044444
3 0.201953 0.545139 0.023177 0.035648
3 0.18138 0.608796 0.028385 0.041667
2 0.329948 0.627083 0.051042 0.084722
1 0.380599 0.305093 0.03099 0.052778
1 0.409245 0.309028 0.039323 0.051389
1 0.359115 0.37963 0.043229 0.062037
1 0.974479 0.074537 0.051042 0.114815
1 0.652214 0.20625 0.071094 0.068981
1 0.672526 0.502315 0.050781 0.100926
1 0.416016 0.475231 0.077344 0.143056
1 0.607031 0.892824 0.119792 0.214352
3 0.690234 0.559954 0.041406 0.060648
