3 0.495703 0.592361 0.063802 0.113426
3 0.606771 0.598611 0.040625 0.043519
3 0.557943 0.787037 0.05026 0.061111
2 0.458333 0.058565 0.043229 0.116204
2 0.824349 0.654167 0.16901 0.14537
0 0.960547 0.237731 0.078906 0.152315
0 0.771745 0.463194 0.117969 0.188426
0 0.696094 0.613426 0.108333 0.203704
0 0.951562 0.691898 0.086458 0.214352
0 0.86862 0.71713 0.11276 0.196296
0 0.790755 0.816435 0.11224 0.213426
0 0.676953 0.778704 0.120573 0.211111
0 0.822135 0.947685 0.116667 0.10463
0 0.723698 0.947685 0.091667 0.10463
0 0.614193 0.964352 0.104427 0.071296
