0 0.960547 0.700694 0.076302 0.121759
2 0.915885 0.260648 0.125 0.111111
3 0.64388 0.167361 0.063281 0.08287
3 0.484245 0.952315 0.098698 0.09537
3 0.403516 0.905787 0.045573 0.084722
1 0.431901 0.354167 0.107552 0.130556
1 0.376432 0.501157 0.080469 0.169907
1 0.052214 0.565972 0.063281 0.161574
2 0.486589 0.873148 0.098698 0.067593
0 0.940885 0.086806 0.118229 0.172685
0 0.816406 0.186806 0.119271 0.206019
0 0.763411 0.318519 0.109115 0.192593
0 0.961198 0.293981 0.077604 0.177778
0 0.863151 0.367824 0.099219 0.190278
0 0.845052 0.484954 0.091667 0.190278
0 0.76862 0.496991 0.080469 0.145833
0 0.760286 0.778472 0.084635 0.131019
0 0.708594 0.624306 0.097396 0.177315
0 0.6625 0.480324 0.100521 0.194907
3 0.661849 0.306713 0.04401 0.046759
2 0.870182 0.87662 0.127865 0.246759
2 0.959245 0.795833 0.08151 0.119444
