0 0.985677 0.591204 0.028646 0.182407
0 0.608984 0.923611 0.126302 0.152778
0 0.722786 0.907639 0.098698 0.184722
0 0.816016 0.918981 0.109635 0.162037
0 0.779557 0.734491 0.110156 0.200463
0 0.665365 0.70625 0.119271 0.218056
0 0.686979 0.538889 0.104688 0.212963
0 0.763411 0.388657 0.116927 0.183796
0 0.957682 0.162269 0.084635 0.145833
0 0.860938 0.630093 0.107812 0.200926
0 0.951172 0.595602 0.076823 0.200463
2 0.459375 0.044213 0.032292 0.0875
3 0.489323 0.537269 0.0625 0.108796
3 0.55026 0.71875 0.051562 0.055093
3 0.60013 0.533796 0.039323 0.044444
