3 0.557031 0.1375 0.035417 0.043519
3 0.554818 0.669676 0.028385 0.030093
0 0.40638 0.025463 0.060677 0.05
0 0.357682 0.049769 0.052344 0.090278
0 0.323568 0.106944 0.047135 0.086111
0 0.95625 0.356481 0.075521 0.119444
0 0.824479 0.362731 0.061979 0.102315
0 0.672135 0.557176 0.08125 0.123611
0 0.615104 0.680093 0.089583 0.144444
0 0.976432 0.636343 0.047135 0.096759
0 0.945703 0.6875 0.066927 0.12963
0 0.860807 0.685185 0.085677 0.140741
0 0.808594 0.721759 0.073958 0.140741
0 0.740495 0.748148 0.08776 0.14537
0 0.67513 0.824074 0.076823 0.125
0 0.601432 0.803935 0.09349 0.156019
0 0.695703 0.946528 0.08724 0.106944
0 0.640365 0.946528 0.073958 0.106944
0 0.557422 0.959259 0.092969 0.081481
2 0.432812 0.189815 0.041146 0.134259
3 0.468229 0.661111 0.054167 0.1
3 0.517057 0.8125 0.036719 0.053704
