2 0.960938 0.519444 0.078125 0.153704
3 0.67474 0.392593 0.065625 0.09537
3 0.708984 0.57037 0.05026 0.056481
3 0.785026 0.425463 0.039844 0.034259
1 0.389974 0.77963 0.09349 0.22037
1 0.459245 0.609491 0.101823 0.136574
0 0.734115 0.799769 0.126562 0.2125
0 0.784115 0.93912 0.113021 0.121759
0 0.850781 0.828472 0.100521 0.198611
0 0.951823 0.845139 0.096354 0.181019
0 0.948047 0.692593 0.103906 0.22037
0 0.838932 0.596759 0.110156 0.212037
0 0.885677 0.456944 0.119792 0.188889
0 0.967969 0.354398 0.064062 0.204167
