2 0.957031 0.416667 0.085938 0.173148
0 0.938932 0.55787 0.122135 0.198148
0 0.940885 0.70463 0.118229 0.191667
0 0.832161 0.70162 0.098177 0.185648
0 0.825651 0.939815 0.096615 0.12037
0 0.972526 0.253935 0.054948 0.180093
0 0.879557 0.349074 0.120573 0.200926
0 0.829557 0.491898 0.126302 0.208796
0 0.709635 0.668981 0.123958 0.225926
3 0.68099 0.295833 0.070312 0.087037
1 0.466016 0.491204 0.111719 0.134259
1 0.398958 0.640972 0.091146 0.193056
1 0.05 0.673148 0.069271 0.176852
0 0.772135 0.8375 0.103125 0.182407
3 0.70638 0.459259 0.04401 0.051852
