0 0.762799 0.144792 0.105802 0.110417
0 0.951365 0.207292 0.09727 0.13125
0 0.975256 0.565625 0.049488 0.14375
0 0.97099 0.784375 0.05802 0.152083
0 0.889932 0.7625 0.117747 0.170833
0 0.762799 0.719792 0.003413 0.002083
0 0.74744 0.857292 0.09215 0.10625
0 0.667235 0.758333 0.102389 0.158333
0 0.620307 0.4375 0.073379 0.120833
0 0.567406 0.519792 0.066553 0.114583
0 0.532423 0.611458 0.075085 0.122917
0 0.494027 0.25 0.076792 0.095833
0 0.422355 0.23125 0.052901 0.083333
0 0.300341 0.585417 0.078498 0.108333
0 0.287543 0.488542 0.06314 0.077083
0 0.773038 0.259375 0.129693 0.164583
