2 0.734028 0.053086 0.090278 0.101235
2 0.927778 0.207407 0.144444 0.380247
3 0.795833 0.148148 0.177778 0.212346
0 0.659722 0.335802 0.25 0.390123
2 0.763889 0.324691 0.183333 0.466667
0 0.561111 0.181481 0.205556 0.34321
2 0.463889 0.228395 0.1 0.279012
2 0.407639 0.097531 0.076389 0.190123
0 0.301389 0.037037 0.097222 0.069136
3 0.315278 0.144444 0.136111 0.195062
2 0.356944 0.404938 0.138889 0.25679
3 0.258333 0.353086 0.152778 0.222222
0 0.179861 0.555556 0.270833 0.498765
0 0.050694 0.562963 0.098611 0.444444
3 0.136111 0.809877 0.211111 0.296296
2 0.334028 0.719753 0.2125 0.358025
2 0.695833 0.776543 0.511111 0.437037
2 0.720139 0.77037 0.559722 0.459259
2 0.215278 0.94321 0.333333 0.11358
