0 0.29375 0.232099 0.145833 0.25679
0 0.260417 0.120988 0.159722 0.177778
0 0.40625 0.101235 0.093056 0.162963
0 0.071528 0.246914 0.140278 0.202469
2 0.184722 0.07037 0.125 0.106173
3 0.071528 0.07037 0.090278 0.111111
3 0.175 0.325926 0.158333 0.17284
3 0.063889 0.451852 0.125 0.241975
3 0.230556 0.555556 0.161111 0.212346
3 0.08125 0.754321 0.159722 0.283951
3 0.078472 0.944444 0.154167 0.111111
0 0.698611 0.262963 0.161111 0.224691
3 0.547222 0.187654 0.116667 0.093827
3 0.54375 0.328395 0.148611 0.207407
3 0.430556 0.419753 0.138889 0.167901
3 0.60625 0.440741 0.118056 0.219753
3 0.818056 0.295062 0.119444 0.160494
3 0.948611 0.039506 0.102778 0.074074
3 0.8875 0.116049 0.136111 0.123457
3 0.929167 0.802469 0.138889 0.395062
2 0.776389 0.51358 0.272222 0.340741
0 0.780556 0.781481 0.297222 0.437037
0 0.569444 0.659259 0.205556 0.479012
0 0.436111 0.864198 0.336111 0.271605
