3 0.289583 0.240741 0.126389 0.08642
0 0.342361 0.301235 0.090278 0.123457
2 0.223611 0.42716 0.219444 0.281481
2 0.273611 0.493827 0.130556 0.251852
2 0.358333 0.467901 0.125 0.274074
2 0.388889 0.146914 0.077778 0.155556
2 0.488889 0.083951 0.138889 0.103704
3 0.595833 0.067901 0.097222 0.101235
3 0.559722 0.216049 0.119444 0.160494
0 0.688889 0.117284 0.102778 0.120988
3 0.689583 0.035802 0.101389 0.066667
2 0.621528 0.160494 0.065278 0.118519
2 0.685417 0.203704 0.140278 0.165432
3 0.551389 0.532099 0.180556 0.219753
0 0.820833 0.135802 0.125 0.158025
3 0.907639 0.049383 0.120833 0.093827
3 0.892361 0.224691 0.154167 0.123457
2 0.782639 0.353086 0.101389 0.133333
2 0.881944 0.369136 0.202778 0.318519
2 0.104861 0.649383 0.101389 0.266667
2 0.133333 0.832099 0.227778 0.335802
0 0.975 0.512346 0.05 0.264198
3 0.279167 0.151852 0.094444 0.091358
