0 0.238194 0.38642 0.068056 0.081481
0 0.161111 0.371605 0.052778 0.071605
0 0.186806 0.414815 0.059722 0.069136
0 0.286806 0.441975 0.101389 0.098765
0 0.205556 0.493827 0.058333 0.088889
0 0.159028 0.490123 0.068056 0.08642
0 0.122917 0.548148 0.065278 0.093827
0 0.479861 0.282716 0.059722 0.061728
3 0.483333 0.325926 0.058333 0.054321
2 0.438194 0.477778 0.079167 0.130864
2 0.493056 0.397531 0.058333 0.088889
2 0.553472 0.337037 0.054167 0.08642
2 0.573611 0.388889 0.055556 0.101235
2 0.529167 0.445679 0.063889 0.096296
2 0.482639 0.511111 0.068056 0.098765
2 0.55625 0.539506 0.070833 0.111111
2 0.500694 0.579012 0.079167 0.135802
2 0.805556 0.249383 0.075 0.074074
0 0.753472 0.271605 0.065278 0.118519
0 0.657639 0.380247 0.070833 0.093827
0 0.752778 0.438272 0.091667 0.120988
0 0.675 0.437037 0.075 0.118519
0 0.747917 0.544444 0.079167 0.150617
0 0.802083 0.498765 0.068056 0.128395
0 0.846528 0.404938 0.076389 0.128395
0 0.935417 0.397531 0.073611 0.128395
0 0.986806 0.291358 0.026389 0.108642
0 0.664583 0.585185 0.084722 0.148148
0 0.81875 0.602469 0.098611 0.177778
0 0.920139 0.569136 0.098611 0.17037
0 0.9 0.669136 0.102778 0.192593
0 0.981944 0.596296 0.036111 0.190123
0 0.75625 0.675309 0.084722 0.150617
0 0.671528 0.709877 0.101389 0.195062
0 0.978472 0.783951 0.043056 0.160494
3 0.90625 0.779012 0.126389 0.180247
3 0.984722 0.92716 0.030556 0.145679
3 0.385417 0.602469 0.098611 0.123457
0 0.311806 0.602469 0.081944 0.123457
2 0.320833 0.496296 0.136111 0.083951
2 0.305556 0.540741 0.094444 0.079012
0 0.282639 0.687654 0.090278 0.135802
0 0.268056 0.795062 0.116667 0.153086
2 0.49375 0.690123 0.195833 0.116049
0 0.238194 0.57037 0.056944 0.108642
0 0.179167 0.587654 0.061111 0.093827
0 0.061111 0.554321 0.061111 0.081481
0 0.025 0.483951 0.047222 0.108642
0 0.114583 0.65679 0.084722 0.14321
0 0.036111 0.683951 0.069444 0.133333
0 0.043056 0.819753 0.083333 0.17284
0 0.547222 0.776543 0.147222 0.209877
2 0.609722 0.737037 0.077778 0.274074
2 0.355556 0.890123 0.127778 0.219753
2 0.284722 0.907407 0.122222 0.116049
2 0.697917 0.939506 0.173611 0.120988
2 0.552778 0.895062 0.136111 0.101235
2 0.40625 0.964198 0.101389 0.071605
0 0.128472 0.930864 0.148611 0.138272
0 0.631944 0.961728 0.102778 0.076543
0 0.522222 0.951852 0.119444 0.096296
