0 0.515278 0.138272 0.111111 0.182716
0 0.402083 0.218519 0.101389 0.135802
0 0.474306 0.320988 0.151389 0.17284
0 0.61875 0.244444 0.131944 0.197531
0 0.652083 0.361728 0.154167 0.239506
0 0.202083 0.262963 0.120833 0.125926
0 0.104167 0.419753 0.141667 0.192593
0 0.022222 0.698765 0.041667 0.202469
0 0.134722 0.637037 0.141667 0.276543
0 0.106944 0.862963 0.211111 0.274074
2 0.185417 0.361728 0.131944 0.101235
3 0.297222 0.14321 0.072222 0.108642
2 0.371528 0.080247 0.076389 0.116049
2 0.23125 0.616049 0.076389 0.175309
3 0.541667 0.508642 0.161111 0.192593
0 0.873611 0.182716 0.183333 0.25679
2 0.79375 0.090123 0.151389 0.175309
2 0.938889 0.265432 0.122222 0.328395
2 0.902778 0.830864 0.191667 0.338272
0 0.884722 0.595062 0.230556 0.301235
0 0.706944 0.830864 0.288889 0.338272
