0 0.829861 0.190123 0.059722 0.093827
0 0.040972 0.503704 0.079167 0.11358
0 0.075694 0.403704 0.073611 0.101235
0 0.135417 0.334568 0.079167 0.111111
0 0.189583 0.364198 0.076389 0.096296
0 0.161111 0.490123 0.080556 0.116049
2 0.247917 0.377778 0.079167 0.083951
0 0.255556 0.497531 0.063889 0.116049
3 0.338889 0.695062 0.125 0.150617
0 0.329861 0.42963 0.065278 0.138272
0 0.290278 0.335802 0.052778 0.064198
0 0.297222 0.255556 0.047222 0.081481
0 0.238889 0.250617 0.05 0.071605
0 0.339583 0.302469 0.051389 0.08642
0 0.385417 0.34321 0.059722 0.103704
0 0.389583 0.434568 0.070833 0.108642
0 0.420833 0.218519 0.047222 0.076543
0 0.471528 0.18642 0.059722 0.071605
0 0.48125 0.250617 0.070833 0.091358
0 0.443056 0.309877 0.075 0.096296
2 0.514583 0.195062 0.043056 0.059259
0 0.461806 0.398765 0.079167 0.120988
0 0.529167 0.097531 0.036111 0.05679
3 0.554167 0.116049 0.044444 0.039506
0 0.714583 0.139506 0.054167 0.091358
0 0.663889 0.12716 0.05 0.111111
0 0.605556 0.150617 0.058333 0.103704
0 0.589583 0.224691 0.054167 0.093827
0 0.610417 0.255556 0.056944 0.096296
3 0.644444 0.201235 0.063889 0.061728
0 0.675694 0.265432 0.0625 0.08642
0 0.66875 0.333333 0.068056 0.103704
2 0.94375 0.330864 0.0875 0.11358
0 0.889583 0.238272 0.076389 0.135802
2 0.798611 0.280247 0.108333 0.155556
2 0.726389 0.211111 0.116667 0.071605
0 0.86875 0.345679 0.0875 0.153086
0 0.959722 0.222222 0.080556 0.128395
0 0.044444 0.645679 0.086111 0.160494
2 0.764583 0.383951 0.101389 0.155556
2 0.701389 0.409877 0.088889 0.133333
0 0.760417 0.522222 0.123611 0.175309
0 0.644444 0.433333 0.088889 0.185185
0 0.509028 0.479012 0.095833 0.158025
2 0.575 0.445679 0.075 0.150617
2 0.198611 0.525926 0.075 0.103704
0 0.209722 0.639506 0.072222 0.118519
0 0.171528 0.687654 0.079167 0.135802
2 0.184722 0.781481 0.177778 0.264198
0 0.247222 0.783951 0.111111 0.2
2 0.288889 0.604938 0.088889 0.14321
0 0.415278 0.844444 0.152778 0.28642
2 0.486111 0.633333 0.175 0.135802
2 0.464583 0.762963 0.154167 0.22716
2 0.736111 0.717284 0.122222 0.269136
0 0.213889 0.95679 0.141667 0.08642
0 0.609722 0.766667 0.147222 0.269136
0 0.622222 0.937037 0.191667 0.125926
0 0.945833 0.614815 0.108333 0.281481
