0 0.193056 0.439506 0.169444 0.232099
0 0.560417 0.045679 0.070833 0.08642
2 0.457639 0.095062 0.109722 0.096296
2 0.34375 0.196296 0.145833 0.224691
2 0.3625 0.265432 0.144444 0.209877
2 0.572222 0.191358 0.133333 0.17037
2 0.590278 0.106173 0.066667 0.123457
2 0.520139 0.249383 0.154167 0.093827
2 0.514583 0.312346 0.168056 0.180247
0 0.440972 0.439506 0.168056 0.222222
0 0.751389 0.288889 0.183333 0.25679
0 0.848611 0.4 0.138889 0.212346
0 0.797917 0.534568 0.184722 0.288889
2 0.702083 0.085185 0.115278 0.120988
3 0.872222 0.135802 0.113889 0.103704
2 0.797917 0.1 0.140278 0.195062
3 0.945833 0.066667 0.108333 0.128395
0 0.973611 0.169136 0.052778 0.190123
2 0.955556 0.449383 0.088889 0.217284
2 0.322222 0.571605 0.269444 0.204938
2 0.365278 0.725926 0.333333 0.222222
2 0.152083 0.558025 0.115278 0.192593
2 0.093056 0.622222 0.097222 0.271605
2 0.033333 0.676543 0.063889 0.222222
2 0.032639 0.859259 0.0625 0.182716
2 0.0625 0.953086 0.122222 0.093827
2 0.458333 0.950617 0.122222 0.098765
