1 0.38125 0.254321 0.090278 0.098765
2 0.335417 0.333333 0.076389 0.158025
2 0.240972 0.520988 0.093056 0.291358
2 0.401389 0.42963 0.213889 0.17284
3 0.118056 0.42963 0.127778 0.098765
3 0.107639 0.539506 0.145833 0.135802
3 0.069444 0.774074 0.136111 0.274074
0 0.077778 0.923457 0.152778 0.153086
3 0.5125 0.22716 0.116667 0.128395
3 0.522917 0.332099 0.115278 0.111111
3 0.549306 0.460494 0.143056 0.185185
3 0.676389 0.398765 0.144444 0.17037
3 0.639583 0.069136 0.065278 0.103704
3 0.713194 0.059259 0.076389 0.083951
3 0.789583 0.22963 0.1125 0.133333
2 0.815972 0.14321 0.115278 0.083951
3 0.983333 0.2 0.033333 0.118519
3 0.85625 0.060494 0.090278 0.101235
2 0.620139 0.759259 0.298611 0.377778
0 0.645833 0.649383 0.172222 0.25679
3 0.422222 0.84321 0.183333 0.31358
3 0.828472 0.520988 0.179167 0.22716
3 0.973611 0.51358 0.052778 0.207407
0 0.881944 0.807407 0.230556 0.385185
