2 0.672917 0.212346 0.051389 0.11358
2 0.667361 0.291358 0.093056 0.079012
2 0.635417 0.112346 0.068056 0.101235
2 0.328472 0.903704 0.095833 0.192593
2 0.247222 0.697531 0.208333 0.308642
2 0.175 0.644444 0.194444 0.187654
2 0.8875 0.779012 0.225 0.318519
2 0.902083 0.637037 0.195833 0.25679
2 0.886806 0.555556 0.226389 0.192593
2 0.654861 0.37037 0.176389 0.148148
2 0.877778 0.440741 0.244444 0.140741
2 0.708333 0.617284 0.122222 0.355556
2 0.624306 0.567901 0.104167 0.251852
2 0.518056 0.595062 0.2 0.241975
2 0.936111 0.237037 0.127778 0.133333
2 0.918056 0.119753 0.136111 0.165432
2 0.577778 0.216049 0.077778 0.066667
2 0.568056 0.180247 0.086111 0.054321
2 0.511806 0.38642 0.120833 0.234568
2 0.41875 0.42716 0.156944 0.212346
2 0.425694 0.27037 0.143056 0.160494
0 0.388194 0.528395 0.134722 0.251852
0 0.334722 0.322222 0.086111 0.160494
2 0.272222 0.383951 0.094444 0.209877
2 0.2375 0.302469 0.125 0.125926
2 0.1875 0.206173 0.130556 0.249383
2 0.440278 0.104938 0.147222 0.096296
0 0.256944 0.191358 0.080556 0.130864
0 0.214583 0.098765 0.0625 0.083951
0 0.324306 0.15679 0.070833 0.116049
0 0.375 0.07037 0.063889 0.101235
0 0.373611 0.171605 0.063889 0.116049
2 0.55625 0.061728 0.0625 0.118519
2 0.733333 0.124691 0.097222 0.17037
2 0.839583 0.055556 0.145833 0.106173
2 0.829861 0.158025 0.084722 0.108642
2 0.041667 0.57284 0.080556 0.177778
3 0.111806 0.458025 0.129167 0.135802
