3 0.783333 0.148148 0.052778 0.079012
3 0.828472 0.132099 0.0625 0.071605
3 0.849306 0.093827 0.0625 0.049383
0 0.859722 0.051852 0.058333 0.074074
0 0.933333 0.025926 0.072222 0.046914
0 0.911806 0.092593 0.070833 0.091358
0 0.983333 0.082716 0.033333 0.120988
3 0.922917 0.154321 0.065278 0.101235
3 0.839583 0.217284 0.070833 0.11358
3 0.859722 0.3 0.075 0.08642
3 0.727778 0.114815 0.066667 0.08642
3 0.719444 0.17037 0.061111 0.11358
3 0.661111 0.196296 0.066667 0.106173
3 0.583333 0.069136 0.063889 0.088889
3 0.447222 0.090123 0.055556 0.08642
3 0.538889 0.171605 0.075 0.076543
3 0.490278 0.204938 0.063889 0.088889
0 0.784722 0.31358 0.061111 0.108642
0 0.813194 0.377778 0.079167 0.133333
0 0.709028 0.325926 0.0625 0.088889
2 0.710417 0.396296 0.1125 0.155556
2 0.654167 0.42716 0.125 0.148148
3 0.634722 0.345679 0.075 0.079012
0 0.60625 0.293827 0.068056 0.098765
0 0.5375 0.279012 0.058333 0.098765
2 0.560417 0.337037 0.040278 0.140741
2 0.497222 0.301235 0.047222 0.108642
3 0.468056 0.345679 0.072222 0.103704
2 0.423611 0.212346 0.097222 0.083951
2 0.368056 0.244444 0.066667 0.108642
3 0.298611 0.175309 0.063889 0.083951
3 0.234722 0.317284 0.063889 0.091358
0 0.335417 0.430864 0.070833 0.111111
3 0.300694 0.360494 0.073611 0.088889
3 0.265972 0.450617 0.0875 0.101235
3 0.475 0.560494 0.086111 0.118519
2 0.331944 0.509877 0.077778 0.081481
2 0.272222 0.508642 0.083333 0.11358
2 0.375694 0.504938 0.056944 0.185185
2 0.25 0.64321 0.083333 0.165432
2 0.299306 0.760494 0.081944 0.246914
0 0.674306 0.534568 0.084722 0.140741
1 0.900694 0.385185 0.101389 0.153086
0 0.959722 0.339506 0.080556 0.130864
0 0.945139 0.595062 0.098611 0.158025
3 0.907639 0.562963 0.070833 0.148148
3 0.615278 0.783951 0.113889 0.180247
