0 0.640625 0.237847 0.065341 0.09375
1 0.306108 0.319444 0.069602 0.086806
0 0.197443 0.070312 0.056818 0.067708
0 0.151278 0.105903 0.052557 0.069444
0 0.193182 0.147569 0.048295 0.069444
0 0.044744 0.147569 0.058239 0.076389
0 0.823864 0.157986 0.059659 0.072917
0 0.703835 0.147569 0.066761 0.076389
0 0.93679 0.118056 0.055398 0.072917
0 0.920455 0.300347 0.048295 0.076389
0 0.848722 0.289062 0.058239 0.074653
0 0.978693 0.383681 0.042614 0.079861
0 0.678267 0.608507 0.078125 0.085069
0 0.49929 0.550347 0.072443 0.107639
