3 0.930556 0.033333 0.138889 0.061728
0 0.38125 0.061728 0.079167 0.093827
0 0.352778 0.234568 0.097222 0.167901
3 0.454861 0.080247 0.095833 0.076543
3 0.360417 0.135802 0.076389 0.093827
0 0.273611 0.183951 0.086111 0.140741
3 0.272917 0.264198 0.081944 0.133333
0 0.570139 0.146914 0.109722 0.288889
0 0.677083 0.161728 0.126389 0.209877
2 0.703472 0.32963 0.229167 0.239506
2 0.894444 0.662963 0.211111 0.674074
2 0.923611 0.411111 0.152778 0.274074
0 0.952778 0.180247 0.094444 0.261728
3 0.551389 0.619753 0.205556 0.296296
3 0.556944 0.865432 0.275 0.269136
