0 0.120139 0.11358 0.0625 0.083951
2 0.929167 0.516049 0.116667 0.335802
2 0.909028 0.283951 0.090278 0.108642
3 0.963889 0.334568 0.072222 0.17037
3 0.964583 0.481481 0.070833 0.187654
0 0.724306 0.1 0.084722 0.111111
0 0.709028 0.162963 0.079167 0.093827
0 0.918056 0.198765 0.138889 0.135802
0 0.786806 0.2 0.104167 0.123457
2 0.707639 0.232099 0.134722 0.14321
0 0.820139 0.364198 0.1125 0.195062
0 0.703472 0.322222 0.098611 0.185185
2 0.609722 0.264198 0.097222 0.153086
2 0.649306 0.338272 0.084722 0.192593
0 0.434028 0.093827 0.084722 0.14321
0 0.36875 0.160494 0.073611 0.098765
0 0.214583 0.106173 0.081944 0.103704
3 0.58125 0.049383 0.106944 0.093827
0 0.059722 0.22963 0.086111 0.138272
3 0.401389 0.230864 0.091667 0.145679
3 0.424306 0.349383 0.101389 0.165432
3 0.320833 0.340741 0.1 0.123457
0 0.231944 0.27037 0.108333 0.180247
0 0.126389 0.397531 0.122222 0.167901
2 0.800694 0.575309 0.115278 0.350617
2 0.722917 0.497531 0.281944 0.2
0 0.460417 0.540741 0.1375 0.207407
3 0.590278 0.780247 0.188889 0.281481
2 0.654167 0.708642 0.222222 0.320988
2 0.777083 0.907407 0.365278 0.185185
2 0.321528 0.422222 0.126389 0.138272
2 0.16875 0.465432 0.170833 0.219753
2 0.039583 0.512346 0.076389 0.269136
2 0.102778 0.711111 0.127778 0.192593
2 0.196528 0.869136 0.190278 0.241975
2 0.375694 0.775309 0.123611 0.444444
2 0.304167 0.823457 0.175 0.353086
0 0.138194 0.937037 0.170833 0.125926
3 0.302778 0.250617 0.069444 0.081481
3 0.122222 0.197531 0.069444 0.133333
