0 0.242361 0.049383 0.090278 0.093827
3 0.086111 0.404938 0.163889 0.207407
3 0.139583 0.207407 0.140278 0.108642
3 0.377778 0.325926 0.113889 0.133333
0 0.602083 0.14321 0.145833 0.212346
0 0.329861 0.469136 0.193056 0.246914
3 0.536806 0.325926 0.1625 0.167901
3 0.499306 0.525926 0.173611 0.241975
3 0.31875 0.734568 0.176389 0.333333
3 0.151389 0.67037 0.233333 0.244444
3 0.722222 0.276543 0.172222 0.212346
3 0.851389 0.162963 0.2 0.22716
3 0.694444 0.809877 0.333333 0.380247
3 0.798611 0.566667 0.252778 0.338272
0 0.140278 0.853086 0.272222 0.293827
0 0.946528 0.645679 0.106944 0.412346
0 0.940972 0.344444 0.118056 0.328395
