1 0.586111 0.337037 0.3 0.520988
0 0.505556 0.137037 0.144444 0.195062
0 0.422917 0.104938 0.109722 0.120988
0 0.418056 0.301235 0.116667 0.246914
0 0.815972 0.434568 0.248611 0.360494
2 0.330556 0.214815 0.194444 0.17284
2 0.214583 0.14321 0.1125 0.133333
3 0.092361 0.149383 0.098611 0.096296
3 0.345833 0.075309 0.116667 0.091358
3 0.774306 0.106173 0.173611 0.192593
3 0.678472 0.218519 0.118056 0.116049
2 0.58125 0.467901 0.273611 0.145679
3 0.95 0.739506 0.1 0.407407
3 0.26875 0.790123 0.173611 0.330864
0 0.191667 0.732099 0.258333 0.377778
0 0.161806 0.279012 0.134722 0.217284
