0 0.841667 0.358025 0.133333 0.192593
2 0.9 0.182716 0.130556 0.182716
2 0.938889 0.258025 0.122222 0.140741
2 0.45625 0.820988 0.095833 0.358025
2 0.542361 0.750617 0.165278 0.276543
2 0.545139 0.860494 0.181944 0.279012
2 0.683333 0.87284 0.158333 0.204938
2 0.815972 0.858025 0.209722 0.244444
2 0.860417 0.758025 0.248611 0.271605
2 0.954167 0.596296 0.091667 0.165432
2 0.918056 0.487654 0.163889 0.165432
2 0.679167 0.685185 0.186111 0.2
2 0.615972 0.585185 0.118056 0.232099
2 0.607639 0.528395 0.134722 0.212346
2 0.698611 0.516049 0.091667 0.207407
2 0.758333 0.491358 0.097222 0.207407
2 0.829167 0.458025 0.1 0.120988
2 0.590278 0.360494 0.133333 0.11358
