3 0.782639 0.116049 0.118056 0.11358
2 0.875 0.796296 0.25 0.407407
2 0.065972 0.765432 0.123611 0.469136
2 0.830556 0.493827 0.277778 0.212346
0 0.970139 0.450617 0.059722 0.264198
2 0.3125 0.606173 0.127778 0.491358
3 0.386806 0.419753 0.151389 0.232099
2 0.444444 0.276543 0.227778 0.177778
2 0.574306 0.553086 0.268056 0.483951
0 0.188194 0.64321 0.218056 0.362963
0 0.165972 0.41358 0.215278 0.279012
2 0.115972 0.293827 0.118056 0.212346
3 0.049306 0.339506 0.095833 0.2
0 0.075 0.17037 0.144444 0.182716
0 0.126389 0.067901 0.111111 0.130864
2 0.192361 0.122222 0.070833 0.234568
0 0.620833 0.258025 0.180556 0.274074
0 0.663889 0.128395 0.2 0.251852
3 0.928472 0.145679 0.143056 0.241975
2 0.824306 0.27284 0.306944 0.293827
0 0.255556 0.119753 0.116667 0.214815
3 0.34375 0.080247 0.090278 0.155556
2 0.425694 0.107407 0.073611 0.130864
