0 0.105556 0.539506 0.108333 0.150617
3 0.485417 0.230864 0.079167 0.101235
3 0.472222 0.411111 0.105556 0.130864
3 0.381944 0.406173 0.083333 0.111111
2 0.330556 0.365432 0.097222 0.108642
0 0.313194 0.541975 0.129167 0.125926
0 0.359722 0.723457 0.108333 0.197531
2 0.034028 0.561728 0.065278 0.140741
3 0.022222 0.850617 0.038889 0.150617
3 0.297917 0.888889 0.170833 0.222222
3 0.226389 0.583951 0.097222 0.160494
2 0.297222 0.618519 0.161111 0.145679
3 0.466667 0.565432 0.111111 0.17284
3 0.561806 0.661728 0.120833 0.197531
3 0.702083 0.71358 0.1625 0.246914
3 0.838194 0.62963 0.168056 0.241975
3 0.915278 0.864198 0.169444 0.271605
3 0.859028 0.403704 0.154167 0.160494
3 0.649306 0.311111 0.106944 0.153086
2 0.966667 0.638272 0.066667 0.288889
2 0.913194 0.516049 0.143056 0.276543
2 0.772222 0.235802 0.133333 0.101235
3 0.873611 0.162963 0.105556 0.123457
3 0.704167 0.087654 0.072222 0.106173
