0 0.206676 0.861979 0.066761 0.095486
0 0.396307 0.841146 0.068182 0.123264
0 0.580966 0.611979 0.076705 0.067708
0 0.75142 0.709201 0.088068 0.116319
0 0.764915 0.938368 0.069602 0.109375
0 0.763494 0.840278 0.044034 0.100694
0 0.56321 0.418403 0.06108 0.09375
0 0.613636 0.347222 0.065341 0.086806
0 0.533381 0.125 0.069602 0.079861
0 0.446023 0.172743 0.0625 0.074653
0 0.426136 0.233507 0.059659 0.078125
0 0.401278 0.345486 0.066761 0.090278
0 0.270597 0.30816 0.069602 0.105903
0 0.147727 0.340278 0.099432 0.079861
0 0.037642 0.476562 0.072443 0.116319
