3 0.0375 0.314815 0.072222 0.264198
0 0.088889 0.165432 0.158333 0.306173
0 0.226389 0.093827 0.15 0.17284
0 0.228472 0.28642 0.145833 0.271605
0 0.352778 0.22963 0.152778 0.22716
3 0.26875 0.441975 0.1625 0.17284
3 0.440278 0.02716 0.130556 0.049383
0 0.667361 0.069136 0.190278 0.133333
2 0.445833 0.262963 0.225 0.382716
2 0.596528 0.287654 0.265278 0.417284
2 0.759028 0.428395 0.304167 0.511111
0 0.954167 0.28642 0.091667 0.350617
3 0.515278 0.717284 0.261111 0.42716
3 0.797917 0.792593 0.365278 0.414815
