3 0.9625 0.646914 0.075 0.187654
0 0.670833 0.859259 0.219444 0.281481
0 0.709722 0.692593 0.158333 0.269136
0 0.584028 0.544444 0.218056 0.318519
0 0.219444 0.841975 0.258333 0.316049
2 0.881944 0.750617 0.236111 0.28642
3 0.920139 0.411111 0.159722 0.160494
3 0.704861 0.28642 0.115278 0.123457
3 0.763889 0.206173 0.108333 0.140741
2 0.73125 0.140741 0.109722 0.074074
2 0.619444 0.260494 0.138889 0.224691
2 0.520139 0.198765 0.123611 0.165432
2 0.302083 0.661728 0.2375 0.197531
3 0.360417 0.754321 0.143056 0.091358
2 0.323611 0.52963 0.197222 0.140741
2 0.384722 0.420988 0.169444 0.2
2 0.391667 0.27284 0.088889 0.165432
0 0.868056 0.304938 0.183333 0.224691
0 0.979167 0.119753 0.041667 0.130864
0 0.782639 0.082716 0.106944 0.120988
0 0.611111 0.155556 0.086111 0.153086
0 0.552778 0.092593 0.1 0.160494
0 0.656944 0.077778 0.086111 0.130864
0 0.361806 0.17284 0.079167 0.118519
3 0.397222 0.062963 0.075 0.120988
3 0.271528 0.42716 0.126389 0.162963
2 0.104167 0.560494 0.2 0.325926
0 0.045139 0.354321 0.0875 0.185185
0 0.105556 0.28642 0.072222 0.14321
2 0.092361 0.440741 0.181944 0.34321
2 0.227083 0.259259 0.079167 0.177778
2 0.284722 0.206173 0.083333 0.195062
