0 0.174716 0.915799 0.056818 0.078125
0 0.288352 0.674479 0.048295 0.085069
0 0.391335 0.627604 0.06392 0.067708
0 0.420455 0.503472 0.056818 0.079861
0 0.360085 0.519097 0.052557 0.0625
0 0.578835 0.407986 0.041193 0.0625
0 0.56321 0.483507 0.038352 0.060764
0 0.546875 0.536458 0.03125 0.069444
0 0.507102 0.699653 0.051136 0.0625
0 0.648438 0.594618 0.06392 0.081597
0 0.668324 0.818576 0.066761 0.078125
0 0.617898 0.835938 0.065341 0.095486
0 0.915483 0.820312 0.066761 0.095486
0 0.787642 0.708333 0.052557 0.065972
0 0.870739 0.612847 0.051136 0.069444
0 0.730824 0.486979 0.066761 0.098958
0 0.773438 0.372396 0.06108 0.081597
0 0.794034 0.49566 0.045455 0.088542
0 0.427557 0.163194 0.056818 0.072917
0 0.299716 0.107639 0.0625 0.059028
0 0.512074 0.189236 0.049716 0.069444
0 0.524858 0.098958 0.046875 0.055556
0 0.243608 0.030382 0.075284 0.057292
0 0.690341 0.914931 0.127841 0.090278
0 0.199574 0.776042 0.106534 0.114583
