3 0.575781 0.947222 0.066146 0.105556
3 0.385417 0.428241 0.041667 0.065741
3 0.422917 0.4375 0.032292 0.047222
3 0.857812 0.858796 0.05 0.093519
0 0.885677 0.716204 0.056771 0.100926
0 0.903125 0.613889 0.077083 0.122222
0 0.89401 0.333796 0.061979 0.082407
0 0.767188 0.268981 0.052083 0.073148
0 0.579948 0.826389 0.101562 0.169444
0 0.469531 0.914815 0.097396 0.17037
0 0.368229 0.915741 0.095833 0.168519
0 0.253125 0.944907 0.125 0.110185
0 0.43099 0.778704 0.092188 0.161111
0 0.345052 0.718056 0.077604 0.132407
0 0.266146 0.7875 0.091667 0.169444
0 0.183594 0.762037 0.071354 0.157407
0 0.077604 0.824537 0.108333 0.15463
0 0.189844 0.631019 0.072396 0.113889
0 0.410938 0.5375 0.084375 0.136111
0 0.297135 0.554167 0.110937 0.167593
0 0.330208 0.425463 0.075 0.130556
0 0.414323 0.306481 0.069271 0.144444
0 0.450521 0.246296 0.053125 0.090741
0 0.441406 0.165741 0.066146 0.090741
0 0.382552 0.230556 0.066146 0.103704
