2 0.81224 0.618981 0.081771 0.052778
2 0.711458 0.638426 0.071875 0.084259
0 0.396094 0.440278 0.023438 0.030556
0 0.690104 0.456019 0.030208 0.034259
0 0.605208 0.591204 0.028125 0.034259
0 0.610938 0.621759 0.027083 0.039815
0 0.563021 0.587037 0.028125 0.05
0 0.445312 0.735185 0.026042 0.05
0 0.346615 0.907407 0.046354 0.053704
2 0.778125 0.556944 0.065625 0.071296
2 0.714844 0.858796 0.107812 0.062037
2 0.456771 0.69537 0.064583 0.051852
2 0.295833 0.865278 0.059375 0.167593
1 0.505208 0.561111 0.042708 0.051852
1 0.192708 0.725 0.085417 0.088889
1 0.823437 0.791667 0.077083 0.072222
