1 0.401823 0.47963 0.044271 0.044444
1 0.477604 0.810185 0.066667 0.111111
0 0.501302 0.080093 0.021354 0.030556
0 0.595573 0.096759 0.018229 0.036111
0 0.56875 0.14537 0.025 0.038889
0 0.464844 0.118056 0.020313 0.050926
0 0.35026 0.288889 0.028646 0.048148
0 0.369271 0.341667 0.033333 0.05
0 0.298958 0.646296 0.030208 0.038889
0 0.350781 0.561574 0.029687 0.04537
0 0.740104 0.420833 0.034375 0.05463
0 0.89349 0.498148 0.035937 0.061111
0 0.770573 0.556019 0.046354 0.058333
0 0.683073 0.662037 0.051562 0.066667
0 0.28776 0.90787 0.051562 0.09537
