1 0.61849 0.673611 0.043229 0.058333
1 0.685677 0.53287 0.041146 0.060185
1 0.73125 0.541667 0.052083 0.072222
1 0.344271 0.692593 0.048958 0.068519
0 0.23125 0.620833 0.038542 0.058333
0 0.159375 0.247222 0.030208 0.042593
0 0.160677 0.310185 0.038021 0.051852
0 0.642708 0.35787 0.036458 0.052778
0 0.44375 0.344444 0.038542 0.048148
0 0.4875 0.477778 0.045833 0.048148
0 0.916927 0.42963 0.035937 0.046296
0 0.865365 0.453241 0.043229 0.065741
0 0.794271 0.50787 0.027083 0.052778
0 0.78151 0.61713 0.038021 0.076852
0 0.627604 0.585648 0.030208 0.047222
0 0.401823 0.880556 0.035937 0.062963
