1 0.03776 0.921296 0.074479 0.125926
0 0.736458 0.768056 0.023958 0.030556
0 0.815104 0.830556 0.029167 0.051852
0 0.473698 0.347685 0.022396 0.039815
0 0.478125 0.408333 0.021875 0.051852
0 0.41875 0.524074 0.030208 0.044444
0 0.377344 0.552315 0.032813 0.069444
0 0.302083 0.578704 0.027083 0.042593
0 0.298438 0.625926 0.03125 0.040741
0 0.089063 0.342593 0.023958 0.042593
0 0.13151 0.466667 0.048438 0.057407
0 0.058594 0.7875 0.046354 0.056481
0 0.253906 0.783333 0.050521 0.074074
1 0.528906 0.966667 0.051562 0.066667
1 0.159375 0.688889 0.052083 0.074074
1 0.221094 0.683333 0.061979 0.081481
