1 0.658594 0.552315 0.050521 0.050926
1 0.422135 0.887963 0.069271 0.101852
1 0.489844 0.878241 0.073438 0.093519
0 0.233594 0.324074 0.033854 0.046296
0 0.266667 0.341667 0.027083 0.038889
0 0.390104 0.491667 0.023958 0.05
0 0.308073 0.481019 0.025521 0.04537
0 0.071094 0.600463 0.042188 0.058333
0 0.04349 0.700463 0.076563 0.080556
0 0.115625 0.919444 0.070833 0.111111
0 0.358854 0.60463 0.055208 0.064815
0 0.69375 0.366667 0.023958 0.035185
0 0.719271 0.452315 0.030208 0.058333
0 0.681771 0.608796 0.040625 0.05463
0 0.640104 0.658333 0.051042 0.083333
0 0.558854 0.716204 0.036458 0.062037
0 0.563281 0.777778 0.034896 0.062963
