0 0.690625 0.271296 0.035417 0.051852
0 0.843229 0.429167 0.033333 0.04537
0 0.716927 0.362037 0.031771 0.055556
1 0.527604 0.350926 0.042708 0.040741
2 0.81901 0.575463 0.079687 0.075
0 0.905469 0.473148 0.028646 0.051852
0 0.978646 0.565278 0.042708 0.075
0 0.678906 0.381481 0.032813 0.057407
0 0.661458 0.533796 0.028125 0.04537
0 0.579688 0.515741 0.033333 0.068519
0 0.288021 0.885185 0.040625 0.059259
0 0.571354 0.950926 0.054167 0.062963
0 0.604427 0.9 0.048438 0.075926
0 0.907031 0.788889 0.059896 0.081481
0 0.752604 0.868519 0.05 0.081481
0 0.640625 0.968056 0.048958 0.063889
1 0.544531 0.722222 0.069271 0.103704
1 0.254167 0.584259 0.060417 0.055556
