0 0.738281 0.421759 0.028646 0.039815
0 0.726823 0.561574 0.035937 0.047222
1 0.11224 0.56713 0.083854 0.078704
1 0.355469 0.795833 0.053646 0.060185
0 0.077344 0.881481 0.052604 0.075926
0 0.378385 0.860648 0.039062 0.058333
0 0.588542 0.922222 0.039583 0.05
0 0.53151 0.747222 0.030729 0.053704
0 0.601302 0.731481 0.042188 0.07037
0 0.684635 0.720833 0.036979 0.052778
0 0.66875 0.686111 0.035417 0.046296
0 0.84375 0.641204 0.034375 0.056481
0 0.606771 0.550926 0.028125 0.044444
0 0.799219 0.444444 0.028646 0.038889
0 0.211198 0.690278 0.033854 0.039815
0 0.25625 0.58287 0.028125 0.037963
0 0.414323 0.255556 0.028646 0.033333
0 0.584115 0.346759 0.025521 0.043519
0 0.610156 0.299537 0.025521 0.034259
