2 0.60625 0.183796 0.058333 0.062037
1 0.477865 0.516667 0.061979 0.112963
0 0.094271 0.778704 0.023958 0.051852
0 0.489063 0.22037 0.026042 0.031481
0 0.5125 0.197685 0.028125 0.037963
0 0.491406 0.278704 0.029687 0.037037
0 0.396094 0.365278 0.027604 0.052778
0 0.521615 0.328704 0.025521 0.046296
0 0.575781 0.144907 0.026562 0.037963
0 0.641927 0.245833 0.034896 0.041667
0 0.68125 0.269444 0.039583 0.061111
0 0.730208 0.266667 0.033333 0.042593
0 0.454167 0.481481 0.035417 0.059259
0 0.264844 0.617593 0.025521 0.05
0 0.259896 0.681019 0.03125 0.041667
0 0.208333 0.775463 0.023958 0.04537
0 0.395573 0.661574 0.029687 0.047222
0 0.254427 0.904167 0.046354 0.075
0 0.310156 0.952778 0.039062 0.059259
0 0.346615 0.924074 0.031771 0.061111
0 0.402865 0.885185 0.035937 0.061111
0 0.58151 0.564815 0.030729 0.048148
