0 0.75651 0.676389 0.031771 0.052778
0 0.264062 0.350463 0.040625 0.075
0 0.484115 0.78287 0.056771 0.075
0 0.535417 0.678241 0.025 0.052778
0 0.538281 0.73287 0.032813 0.052778
0 0.598177 0.719444 0.031771 0.055556
0 0.658073 0.775 0.030729 0.066667
0 0.639844 0.810185 0.045312 0.061111
0 0.864323 0.902315 0.046354 0.071296
0 0.722917 0.934259 0.052083 0.092593
0 0.165104 0.844444 0.061458 0.07037
1 0.82526 0.971759 0.073438 0.056481
2 0.061979 0.894444 0.122917 0.211111
2 0.627865 0.527315 0.066146 0.091667
