0 0.504427 0.46713 0.031771 0.05463
0 0.584896 0.509722 0.03125 0.062037
0 0.378125 0.56713 0.027083 0.050926
0 0.802083 0.971759 0.045833 0.056481
0 0.529948 0.70787 0.026562 0.05463
0 0.123437 0.315741 0.028125 0.037037
0 0.180729 0.311111 0.025 0.042593
0 0.228125 0.365741 0.027083 0.044444
0 0.213802 0.626389 0.032813 0.04537
0 0.322135 0.7875 0.032813 0.065741
0 0.142969 0.697222 0.038021 0.075926
0 0.065885 0.718519 0.044271 0.074074
0 0.134375 0.962963 0.05625 0.074074
0 0.589583 0.849537 0.033333 0.067593
