1 0.925781 0.747222 0.072396 0.075926
2 0.483333 0.654167 0.122917 0.176852
2 0.698438 0.88287 0.1 0.234259
0 0.23151 0.966667 0.040104 0.066667
0 0.564063 0.610648 0.038542 0.047222
0 0.809375 0.572222 0.047917 0.059259
0 0.98099 0.6 0.038021 0.061111
0 0.92474 0.57037 0.038021 0.057407
0 0.861719 0.552315 0.027604 0.041667
0 0.853125 0.505556 0.027083 0.05
0 0.599479 0.312037 0.038542 0.068519
0 0.198177 0.585648 0.052604 0.078704
0 0.236198 0.422222 0.032813 0.053704
0 0.396875 0.241204 0.045833 0.052778
0 0.391406 0.1875 0.036979 0.058333
0 0.340104 0.218981 0.039583 0.05463
0 0.325781 0.15463 0.028646 0.042593
0 0.28125 0.175 0.029167 0.05
