0 0.122917 0.201852 0.040625 0.061111
2 0.33724 0.839352 0.145313 0.247222
2 0.92526 0.930093 0.149479 0.139815
0 0.977083 0.836574 0.045833 0.087963
0 0.870312 0.725463 0.038542 0.05463
0 0.813281 0.672222 0.034896 0.053704
0 0.704688 0.716204 0.063542 0.065741
0 0.752604 0.678704 0.036458 0.051852
0 0.748958 0.627315 0.028125 0.043519
0 0.864062 0.437037 0.027083 0.040741
0 0.446094 0.763426 0.042188 0.056481
0 0.248438 0.298148 0.034375 0.053704
0 0.482812 0.391204 0.044792 0.067593
0 0.254948 0.233796 0.038021 0.073148
0 0.173698 0.197222 0.036979 0.064815
0 0.199479 0.272222 0.036458 0.075926
0 0.042969 0.531944 0.040104 0.060185
0 0.008333 0.758333 0.015625 0.092593
1 0.826562 0.937037 0.069792 0.098148
