0 0.829167 0.933796 0.052083 0.071296
0 0.729167 0.969907 0.04375 0.060185
0 0.976042 0.787963 0.04375 0.057407
0 0.935417 0.696296 0.039583 0.053704
0 0.930469 0.655556 0.045312 0.055556
0 0.871354 0.706944 0.048958 0.04537
0 0.559115 0.805556 0.038021 0.057407
0 0.481771 0.888426 0.030208 0.056481
0 0.326823 0.873611 0.067187 0.093519
0 0.467708 0.765741 0.045833 0.064815
0 0.136458 0.745833 0.041667 0.043519
0 0.40026 0.636111 0.024479 0.046296
0 0.48151 0.613426 0.036979 0.034259
0 0.53125 0.560648 0.033333 0.039815
0 0.616667 0.530093 0.023958 0.037963
0 0.632031 0.553241 0.025521 0.032407
0 0.682552 0.624074 0.024479 0.040741
0 0.66901 0.513889 0.036979 0.05
0 0.439323 0.502778 0.022396 0.035185
0 0.403646 0.448611 0.038542 0.050926
0 0.346615 0.429167 0.028646 0.037963
0 0.306771 0.431944 0.026042 0.028704
0 0.266927 0.516204 0.022396 0.032407
0 0.238802 0.424074 0.029687 0.035185
0 0.263021 0.39537 0.022917 0.035185
0 0.195833 0.497222 0.027083 0.040741
0 0.114583 0.509259 0.033333 0.037037
0 0.11875 0.475926 0.027083 0.037037
2 0.564583 0.588426 0.070833 0.043519
2 0.585417 0.922685 0.11875 0.108333
1 0.238542 0.641667 0.060417 0.077778
1 0.651823 0.68287 0.063021 0.065741
1 0.763281 0.653241 0.047396 0.056481
1 0.333073 0.369444 0.041146 0.046296
1 0.064323 0.811111 0.049479 0.068519
