0 0.703385 0.213889 0.038021 0.051852
0 0.414062 0.185648 0.026042 0.043519
0 0.272135 0.477778 0.032813 0.048148
0 0.453385 0.311574 0.039062 0.047222
0 0.851042 0.643519 0.04375 0.046296
1 0.190365 0.59213 0.057812 0.056481
1 0.373177 0.698148 0.043229 0.062963
1 0.46224 0.640278 0.056771 0.060185
2 0.64375 0.409259 0.083333 0.053704
2 0.525 0.543056 0.052083 0.09537
2 0.351823 0.909259 0.085938 0.127778
1 0.766406 0.19213 0.069271 0.067593
0 0.352083 0.368981 0.029167 0.047222
0 0.298698 0.500926 0.033854 0.033333
