1 0.300521 0.741204 0.078125 0.080556
1 0.189062 0.576852 0.065625 0.064815
1 0.100521 0.503241 0.045833 0.050926
0 0.157812 0.414815 0.029167 0.042593
0 0.14375 0.448148 0.01875 0.024074
0 0.201302 0.47963 0.035937 0.046296
0 0.064323 0.669907 0.040104 0.041667
0 0.129688 0.760185 0.040625 0.042593
0 0.202865 0.715741 0.038021 0.057407
0 0.290365 0.790278 0.043229 0.056481
0 0.365885 0.905093 0.040104 0.069444
0 0.397135 0.503704 0.029687 0.025926
0 0.430729 0.487963 0.035417 0.042593
0 0.468229 0.514815 0.03125 0.038889
0 0.514844 0.579167 0.020313 0.032407
0 0.567708 0.614815 0.027083 0.048148
0 0.601562 0.663889 0.029167 0.05
0 0.616406 0.690741 0.028646 0.042593
0 0.689323 0.778241 0.051562 0.071296
0 0.557552 0.849074 0.038021 0.046296
0 0.639583 0.875 0.046875 0.066667
0 0.668229 0.92963 0.0375 0.046296
0 0.520052 0.979167 0.050521 0.041667
