1 0.522917 0.429167 0.076042 0.112037
0 0.095052 0.55463 0.025521 0.031481
0 0.092969 0.629167 0.029687 0.047222
0 0.270052 0.486574 0.028646 0.052778
0 0.258594 0.575926 0.026562 0.046296
0 0.202344 0.672222 0.028646 0.048148
0 0.042969 0.975463 0.046354 0.049074
0 0.242188 0.869907 0.059375 0.100926
0 0.304167 0.957407 0.05625 0.085185
0 0.347135 0.936111 0.039062 0.074074
0 0.417187 0.916204 0.05 0.086111
0 0.416406 0.591667 0.034896 0.062963
0 0.65651 0.543519 0.047396 0.074074
0 0.496094 0.374537 0.046354 0.073148
0 0.433594 0.205093 0.038021 0.065741
0 0.548438 0.118056 0.029167 0.058333
0 0.547917 0.039352 0.028125 0.036111
0 0.578125 0.025 0.032292 0.048148
0 0.584635 0.195833 0.030729 0.050926
0 0.748698 0.114352 0.035937 0.041667
0 0.804688 0.156481 0.052083 0.07037
0 0.865625 0.163426 0.04375 0.060185
2 0.694271 0.02963 0.078125 0.057407
