2 0.761979 0.212963 0.054167 0.074074
0 0.635677 0.236111 0.026562 0.062963
1 0.65651 0.209259 0.038021 0.051852
0 0.883073 0.153704 0.028646 0.051852
0 0.964323 0.221296 0.043229 0.066667
0 0.702865 0.124537 0.027604 0.043519
0 0.736719 0.349074 0.036979 0.055556
0 0.953385 0.848148 0.055729 0.092593
0 0.554688 0.326389 0.029167 0.05463
0 0.672917 0.519907 0.033333 0.058333
0 0.072396 0.164352 0.034375 0.056481
1 0.367188 0.044907 0.065625 0.060185
2 0.670573 0.79537 0.140104 0.1
2 0.408073 0.371759 0.084896 0.060185
2 0.588542 0.249537 0.058333 0.05463
