0 0.379427 0.405093 0.039062 0.052778
0 0.672656 0.534259 0.036979 0.05
0 0.946354 0.479167 0.034375 0.04537
0 0.89349 0.496296 0.048438 0.057407
0 0.291927 0.950463 0.064062 0.099074
0 0.79401 0.862963 0.065104 0.1
0 0.413021 0.7875 0.041667 0.050926
0 0.359896 0.529167 0.044792 0.069444
2 0.604427 0.561111 0.103646 0.131481
2 0.788281 0.706481 0.093229 0.164815
0 0.508854 0.249074 0.036458 0.057407
0 0.495312 0.202778 0.030208 0.05
0 0.458333 0.238426 0.029167 0.041667
0 0.441146 0.188889 0.033333 0.055556
0 0.401562 0.208796 0.029167 0.037963
