0 0.958594 0.872685 0.054688 0.078704
0 0.850521 0.816667 0.061458 0.07963
0 0.776042 0.805556 0.051042 0.092593
0 0.747656 0.734259 0.050521 0.064815
0 0.684635 0.661574 0.048438 0.075
0 0.663802 0.771296 0.058854 0.066667
0 0.639844 0.843981 0.058854 0.067593
0 0.573698 0.880093 0.058854 0.084259
0 0.604688 0.780556 0.053125 0.090741
0 0.571615 0.755556 0.041146 0.085185
0 0.515365 0.67037 0.030729 0.044444
0 0.930469 0.337037 0.036979 0.051852
0 0.513802 0.517593 0.025521 0.038889
0 0.180208 0.804167 0.032292 0.04537
0 0.55651 0.273148 0.031771 0.038889
0 0.779167 0.188426 0.03125 0.050926
0 0.657031 0.136574 0.028646 0.039815
0 0.626823 0.169444 0.030729 0.025926
0 0.614583 0.211574 0.022917 0.036111
