1 0.960417 0.85679 0.079167 0.207407
1 0.743056 0.641975 0.122222 0.222222
1 0.855556 0.840741 0.130556 0.224691
1 0.777083 0.922222 0.120833 0.155556
0 0.367361 0.18642 0.081944 0.155556
0 0.305556 0.181481 0.05 0.150617
0 0.438889 0.340741 0.058333 0.11358
0 0.459028 0.619753 0.051389 0.103704
0 0.667361 0.753086 0.104167 0.153086
0 0.644444 0.183951 0.075 0.150617
0 0.925 0.253086 0.091667 0.180247
0 0.8625 0.446914 0.094444 0.148148
0 0.953472 0.612346 0.070833 0.158025
1 0.652083 0.344444 0.129167 0.145679
1 0.563194 0.4 0.101389 0.11358
1 0.565972 0.551852 0.079167 0.106173
1 0.527778 0.68642 0.072222 0.108642
1 0.48125 0.803704 0.098611 0.155556
1 0.610417 0.930864 0.0875 0.138272
1 0.261806 0.862963 0.109722 0.209877
1 0.324306 0.42963 0.079167 0.108642
