3 0.25625 0.45679 0.040278 0.039506
3 0.238194 0.508642 0.043056 0.064198
3 0.183333 0.561728 0.038889 0.041975
3 0.534028 0.598765 0.029167 0.061728
3 0.408333 0.849383 0.036111 0.074074
0 0.611806 0.94321 0.084722 0.11358
0 0.531944 0.854321 0.069444 0.162963
0 0.467361 0.948148 0.084722 0.103704
0 0.341667 0.850617 0.083333 0.130864
0 0.420833 0.750617 0.077778 0.118519
0 0.494444 0.701235 0.052778 0.103704
0 0.595139 0.638272 0.054167 0.091358
0 0.63125 0.549383 0.048611 0.076543
0 0.477083 0.551852 0.043056 0.101235
0 0.375 0.523457 0.066667 0.103704
0 0.460417 0.464198 0.065278 0.083951
0 0.514583 0.150617 0.040278 0.049383
0 0.449306 0.245679 0.059722 0.08642
0 0.436806 0.37037 0.059722 0.074074
