1 0.188194 0.820988 0.118056 0.140741
0 0.688194 0.914815 0.084722 0.116049
0 0.725 0.783951 0.069444 0.071605
0 0.672917 0.723457 0.051389 0.103704
0 0.778472 0.681481 0.081944 0.123457
0 0.778472 0.467901 0.076389 0.120988
0 0.696528 0.530864 0.0625 0.108642
0 0.561111 0.801235 0.113889 0.120988
0 0.460417 0.851852 0.056944 0.103704
0 0.473611 0.665432 0.077778 0.096296
0 0.330556 0.666667 0.061111 0.11358
0 0.225694 0.703704 0.073611 0.118519
0 0.279861 0.583951 0.073611 0.145679
0 0.360417 0.480247 0.076389 0.195062
0 0.567361 0.296296 0.065278 0.11358
0 0.694444 0.212346 0.069444 0.088889
0 0.413889 0.141975 0.066667 0.111111
0 0.358333 0.238272 0.047222 0.071605
0 0.172917 0.37284 0.0625 0.103704
0 0.196528 0.254321 0.079167 0.11358
0 0.257639 0.087654 0.048611 0.071605
