0 0.029861 0.898765 0.056944 0.138272
1 0.863194 0.250617 0.056944 0.08642
1 0.875694 0.353086 0.079167 0.108642
1 0.847222 0.411111 0.058333 0.116049
1 0.861111 0.68642 0.063889 0.158025
1 0.963889 0.774074 0.072222 0.145679
1 0.830556 0.896296 0.102778 0.207407
1 0.675694 0.179012 0.054167 0.120988
1 0.519444 0.054321 0.083333 0.098765
1 0.215278 0.202469 0.072222 0.093827
1 0.269444 0.279012 0.072222 0.093827
1 0.509028 0.428395 0.056944 0.106173
1 0.576389 0.403704 0.083333 0.130864
1 0.61875 0.438272 0.068056 0.190123
1 0.35625 0.433333 0.098611 0.155556
1 0.540972 0.57037 0.048611 0.108642
1 0.340278 0.623457 0.088889 0.135802
1 0.279861 0.728395 0.070833 0.108642
1 0.411111 0.795062 0.127778 0.212346
1 0.275 0.888889 0.105556 0.182716
1 0.397222 0.951852 0.105556 0.096296
0 0.875 0.017284 0.041667 0.02963
0 0.725694 0.02716 0.056944 0.049383
0 0.633333 0.064198 0.047222 0.069136
0 0.738889 0.180247 0.055556 0.093827
0 0.914583 0.181481 0.056944 0.081481
0 0.542361 0.249383 0.056944 0.093827
0 0.636111 0.280247 0.080556 0.116049
0 0.711806 0.332099 0.068056 0.081481
0 0.783333 0.377778 0.069444 0.098765
0 0.700694 0.424691 0.076389 0.118519
0 0.770139 0.493827 0.068056 0.128395
0 0.724306 0.712346 0.045833 0.150617
0 0.700694 0.580247 0.073611 0.11358
0 0.786111 0.64321 0.066667 0.101235
0 0.783333 0.783951 0.058333 0.116049
0 0.475 0.930864 0.1 0.138272
0 0.477083 0.644444 0.076389 0.14321
0 0.561111 0.823457 0.086111 0.165432
0 0.677778 0.893827 0.102778 0.187654
0 0.739583 0.897531 0.034722 0.140741
0 0.565278 0.687654 0.077778 0.165432
0 0.661806 0.71358 0.093056 0.148148
3 0.50625 0.103704 0.023611 0.024691
3 0.357639 0.014815 0.029167 0.019753
3 0.785417 0.262963 0.020833 0.041975
3 0.608333 0.94321 0.025 0.044444
0 0.289583 0.179012 0.059722 0.101235
1 0.163889 0.72716 0.058333 0.111111
