1 0.388889 0.130864 0.063889 0.069136
1 0.379167 0.27037 0.063889 0.096296
2 0.549306 0.749383 0.179167 0.130864
1 0.259722 0.608642 0.069444 0.130864
1 0.455556 0.540741 0.125 0.138272
1 0.571528 0.567901 0.123611 0.207407
1 0.554861 0.837037 0.118056 0.162963
1 0.080556 0.875309 0.158333 0.249383
0 0.585417 0.07037 0.051389 0.066667
0 0.856944 0.088889 0.041667 0.044444
0 0.927778 0.203704 0.058333 0.061728
0 0.630556 0.190123 0.047222 0.074074
0 0.705556 0.317284 0.05 0.091358
0 0.550694 0.246914 0.068056 0.098765
0 0.489583 0.332099 0.048611 0.061728
0 0.459028 0.446914 0.073611 0.108642
0 0.392361 0.81358 0.084722 0.125926
0 0.518056 0.620988 0.111111 0.17037
0 0.7 0.780247 0.091667 0.138272
2 0.481944 0.145679 0.122222 0.103704
2 0.746528 0.087654 0.106944 0.140741
