1 0.425694 0.590123 0.084722 0.123457
1 0.411806 0.862963 0.090278 0.160494
0 0.825 0.091358 0.052778 0.069136
0 0.903472 0.144444 0.051389 0.091358
0 0.449306 0.266667 0.054167 0.128395
0 0.515972 0.27284 0.0375 0.091358
0 0.655556 0.293827 0.061111 0.118519
0 0.7 0.540741 0.047222 0.083951
0 0.756944 0.75679 0.063889 0.125926
0 0.6625 0.866667 0.086111 0.167901
0 0.563889 0.97037 0.055556 0.059259
0 0.882639 0.967901 0.0875 0.064198
2 0.554167 0.669136 0.180556 0.153086
2 0.804167 0.85679 0.141667 0.103704
2 0.266667 0.554321 0.15 0.190123
