1 0.14375 0.161728 0.095833 0.120988
1 0.04375 0.737037 0.084722 0.155556
1 0.111806 0.861728 0.101389 0.138272
1 0.375694 0.244444 0.070833 0.108642
1 0.523611 0.346914 0.091667 0.145679
1 0.446528 0.483951 0.109722 0.133333
1 0.554167 0.664198 0.083333 0.148148
1 0.777778 0.72963 0.091667 0.145679
1 0.779861 0.849383 0.056944 0.103704
1 0.814583 0.938272 0.073611 0.123457
0 0.152778 0.708642 0.075 0.123457
0 0.818056 0.175309 0.05 0.093827
0 0.920833 0.477778 0.058333 0.066667
0 0.334722 0.406173 0.047222 0.091358
0 0.827778 0.446914 0.058333 0.083951
0 0.679167 0.454321 0.058333 0.083951
0 0.58125 0.538272 0.065278 0.093827
0 0.869444 0.702469 0.052778 0.101235
0 0.461806 0.834568 0.065278 0.123457
0 0.560417 0.835802 0.068056 0.125926
0 0.738889 0.959259 0.075 0.081481
0 0.066667 0.119753 0.094444 0.130864
3 0.43125 0.581481 0.029167 0.046914
3 0.252778 0.437037 0.036111 0.054321
