0 0.54349 0.419907 0.086979 0.143519
0 0.580729 0.553241 0.088542 0.134259
0 0.547656 0.738889 0.085938 0.168519
0 0.407292 0.92963 0.085417 0.140741
0 0.661458 0.943056 0.085417 0.113889
0 0.570312 0.90787 0.114583 0.184259
0 0.702865 0.661574 0.080729 0.130556
0 0.536719 0.058333 0.086979 0.105556
1 0.338281 0.852778 0.122396 0.22037
1 0.43151 0.074537 0.078646 0.147222
3 0.485937 0.452778 0.022917 0.057407
3 0.439583 0.488426 0.019792 0.043519
3 0.238802 0.170833 0.032813 0.050926
3 0.223177 0.09213 0.033854 0.047222
