3 0.873611 0.77284 0.022222 0.034568
3 0.8 0.825926 0.027778 0.032099
0 0.918056 0.362963 0.036111 0.059259
0 0.784722 0.441975 0.036111 0.049383
0 0.580556 0.497531 0.027778 0.037037
0 0.334722 0.461728 0.041667 0.064198
0 0.613889 0.553086 0.044444 0.064198
0 0.436806 0.576543 0.054167 0.071605
0 0.363889 0.560494 0.05 0.088889
0 0.123611 0.658025 0.052778 0.101235
0 0.498611 0.816049 0.055556 0.081481
2 0.834722 0.895062 0.125 0.066667
2 0.671528 0.838272 0.115278 0.111111
2 0.679861 0.655556 0.081944 0.081481
