1 0.682639 0.671605 0.073611 0.133333
2 0.599306 0.608642 0.115278 0.130864
0 0.888194 0.919753 0.081944 0.130864
0 0.508333 0.660494 0.072222 0.116049
0 0.859722 0.579012 0.055556 0.081481
0 0.678472 0.57037 0.034722 0.064198
0 0.611111 0.340741 0.044444 0.079012
0 0.570833 0.390123 0.047222 0.079012
0 0.447222 0.401235 0.044444 0.081481
0 0.476389 0.335802 0.055556 0.088889
0 0.373611 0.302469 0.030556 0.041975
0 0.313194 0.316049 0.034722 0.069136
0 0.229167 0.328395 0.033333 0.074074
0 0.156944 0.451852 0.072222 0.118519
0 0.028472 0.697531 0.054167 0.111111
3 0.365278 0.966667 0.038889 0.066667
3 0.495833 0.812346 0.102778 0.083951
3 0.352778 0.744444 0.066667 0.081481
3 0.418056 0.808642 0.041667 0.061728
3 0.220139 0.646914 0.051389 0.059259
