0 0.797222 0.977778 0.091667 0.044444
3 0.80625 0.828395 0.056944 0.051852
3 0.98125 0.481481 0.0375 0.049383
3 0.927778 0.440741 0.038889 0.037037
3 0.973611 0.335802 0.044444 0.034568
3 0.922222 0.191358 0.047222 0.032099
3 0.881944 0.25679 0.025 0.039506
3 0.825 0.223457 0.033333 0.032099
3 0.691667 0.420988 0.030556 0.051852
3 0.692361 0.212346 0.026389 0.034568
0 0.596528 0.509877 0.045833 0.135802
0 0.571528 0.093827 0.0875 0.128395
0 0.547222 0.195062 0.038889 0.079012
0 0.442361 0.185185 0.0375 0.054321
0 0.153472 0.408642 0.151389 0.190123
0 0.121528 0.782716 0.0875 0.088889
0 0.344444 0.964198 0.091667 0.071605
0 0.352083 0.061728 0.056944 0.093827
0 0.411111 0.277778 0.058333 0.106173
0 0.413889 0.375309 0.05 0.079012
0 0.489583 0.322222 0.076389 0.120988
0 0.523611 0.454321 0.058333 0.088889
0 0.542361 0.530864 0.054167 0.079012
0 0.569444 0.609877 0.066667 0.128395
0 0.650694 0.688889 0.084722 0.148148
0 0.484722 0.782716 0.066667 0.103704
0 0.338194 0.662963 0.068056 0.135802
0 0.213194 0.745679 0.1125 0.133333
