1 0.390278 0.301235 0.055556 0.083951
3 0.847917 0.497531 0.034722 0.037037
3 0.815972 0.458025 0.040278 0.041975
3 0.96875 0.665432 0.054167 0.061728
3 0.624306 0.558025 0.026389 0.049383
3 0.597222 0.57037 0.027778 0.059259
3 0.425 0.571605 0.038889 0.051852
3 0.432639 0.525926 0.054167 0.059259
1 0.51875 0.888889 0.0625 0.108642
0 0.520833 0.039506 0.047222 0.069136
0 0.472917 0.112346 0.048611 0.091358
0 0.060417 0.112346 0.118056 0.116049
0 0.245833 0.577778 0.077778 0.138272
0 0.058333 0.906173 0.108333 0.118519
0 0.571528 0.648148 0.095833 0.150617
1 0.165972 0.928395 0.109722 0.14321
1 0.149306 0.74321 0.101389 0.088889
1 0.911806 0.317284 0.145833 0.155556
1 0.744444 0.714815 0.111111 0.135802
1 0.884722 0.917284 0.152778 0.165432
