0 0.347656 0.739352 0.088021 0.158333
0 0.758333 0.726852 0.073958 0.15
1 0.873698 0.934259 0.098437 0.131481
1 0.736458 0.92963 0.111458 0.140741
1 0.829167 0.491204 0.059375 0.106481
1 0.740625 0.415278 0.072917 0.09537
1 0.509896 0.635648 0.082292 0.132407
1 0.429167 0.472222 0.085417 0.105556
1 0.525 0.180556 0.05 0.088889
1 0.461719 0.079167 0.070312 0.09537
1 0.315625 0.930556 0.113542 0.138889
1 0.070573 0.944444 0.067187 0.111111
1 0.296615 0.370833 0.071354 0.108333
1 0.235417 0.527778 0.059375 0.105556
1 0.210417 0.643981 0.059375 0.100926
1 0.157031 0.685185 0.047396 0.094444
1 0.141927 0.575926 0.099479 0.155556
1 0.20026 0.440278 0.071354 0.091667
1 0.144792 0.448148 0.057292 0.092593
1 0.070052 0.428704 0.046354 0.107407
0 0.646615 0.95463 0.066146 0.090741
0 0.468229 0.941667 0.051042 0.094444
0 0.471354 0.776852 0.075 0.107407
0 0.3875 0.951852 0.060417 0.096296
0 0.219271 0.863889 0.061458 0.1
0 0.175781 0.96713 0.072396 0.065741
0 0.141406 0.890278 0.059896 0.112037
0 0.39974 0.585648 0.038021 0.063889
0 0.963021 0.369444 0.064583 0.103704
0 0.521094 0.340278 0.052604 0.09537
0 0.34974 0.274074 0.095312 0.098148
0 0.367969 0.184722 0.043229 0.062037
0 0.165625 0.328704 0.0625 0.107407
0 0.120833 0.224074 0.067708 0.090741
0 0.166146 0.050926 0.059375 0.087037
1 0.395052 0.410185 0.058854 0.127778
1 0.742448 0.132407 0.082812 0.103704
3 0.927865 0.693981 0.035937 0.05463
