3 0.565972 0.816049 0.031944 0.032099
3 0.428472 0.671605 0.020833 0.034568
3 0.336806 0.759259 0.023611 0.032099
3 0.393056 0.951852 0.025 0.037037
3 0.330556 0.825926 0.036111 0.037037
3 0.229167 0.91358 0.036111 0.044444
1 0.28125 0.725926 0.054167 0.079012
1 0.066667 0.595062 0.102778 0.17284
1 0.059028 0.42963 0.090278 0.118519
1 0.163194 0.509877 0.054167 0.071605
1 0.336111 0.4 0.086111 0.128395
1 0.236806 0.037037 0.109722 0.069136
3 0.551389 0.54321 0.019444 0.02963
3 0.972917 0.312346 0.054167 0.041975
3 0.806944 0.375309 0.033333 0.034568
1 0.559722 0.639506 0.038889 0.064198
1 0.584722 0.702469 0.072222 0.101235
1 0.400694 0.74321 0.068056 0.123457
1 0.494444 0.744444 0.086111 0.155556
1 0.727083 0.290123 0.093056 0.120988
1 0.859028 0.702469 0.118056 0.135802
2 0.415278 0.497531 0.075 0.185185
2 0.602778 0.285185 0.130556 0.116049
0 0.290972 0.151852 0.073611 0.08642
0 0.364583 0.235802 0.048611 0.081481
0 0.196528 0.3 0.093056 0.125926
0 0.708333 0.408642 0.111111 0.125926
0 0.653472 0.646914 0.123611 0.148148
0 0.690972 0.802469 0.070833 0.103704
0 0.147222 0.728395 0.097222 0.103704
0 0.086111 0.833333 0.105556 0.101235
