1 0.457292 0.471296 0.107292 0.185185
1 0.582292 0.421296 0.144792 0.211111
1 0.765625 0.242593 0.139583 0.196296
1 0.344531 0.741204 0.068229 0.132407
1 0.458333 0.768056 0.139583 0.163889
1 0.657813 0.875926 0.126042 0.198148
0 0.126302 0.070833 0.096354 0.123148
0 0.244531 0.084722 0.069271 0.087963
0 0.132812 0.197222 0.057292 0.101852
0 0.211458 0.208333 0.058333 0.101852
0 0.374479 0.193056 0.045833 0.09537
0 0.220312 0.451852 0.055208 0.092593
0 0.747396 0.419907 0.083333 0.156481
0 0.517708 0.9 0.0875 0.146296
0 0.417708 0.9375 0.076042 0.125
