0 0.861806 0.304938 0.043056 0.05679
0 0.903472 0.477778 0.034722 0.037037
0 0.665972 0.267901 0.034722 0.051852
0 0.741667 0.388889 0.038889 0.05679
0 0.770139 0.44321 0.048611 0.066667
0 0.827083 0.517284 0.051389 0.066667
0 0.615972 0.340741 0.045833 0.074074
0 0.635417 0.398765 0.048611 0.071605
0 0.578472 0.382716 0.0375 0.059259
0 0.447222 0.464198 0.052778 0.079012
0 0.655556 0.535802 0.036111 0.064198
0 0.579861 0.607407 0.054167 0.108642
1 0.906944 0.374074 0.038889 0.05679
1 0.960417 0.359259 0.051389 0.061728
1 0.786111 0.276543 0.041667 0.034568
1 0.541667 0.248148 0.036111 0.032099
1 0.499306 0.323457 0.040278 0.059259
1 0.457639 0.328395 0.051389 0.064198
1 0.542361 0.375309 0.045833 0.039506
1 0.423611 0.406173 0.041667 0.051852
1 0.513194 0.414815 0.054167 0.069136
1 0.456944 0.52963 0.061111 0.076543
1 0.90625 0.52716 0.045833 0.091358
1 0.940278 0.785185 0.038889 0.069136
1 0.252083 0.793827 0.090278 0.150617
