1 0.2125 0.979012 0.077778 0.041975
3 0.709722 0.345679 0.036111 0.044444
3 0.743056 0.32963 0.027778 0.061728
3 0.784722 0.330864 0.033333 0.044444
3 0.746528 0.766667 0.029167 0.046914
3 0.786111 0.760494 0.033333 0.039506
1 0.680556 0.834568 0.055556 0.093827
0 0.459028 0.981481 0.051389 0.037037
0 0.586806 0.607407 0.040278 0.069136
0 0.634028 0.601235 0.054167 0.120988
0 0.525 0.788889 0.052778 0.08642
0 0.89375 0.685185 0.151389 0.130864
0 0.924306 0.928395 0.151389 0.14321
1 0.573611 0.5 0.055556 0.135802
1 0.595833 0.830864 0.063889 0.175309
