3 0.569444 0.87284 0.027778 0.032099
3 0.536111 0.867901 0.030556 0.032099
3 0.93125 0.42963 0.048611 0.044444
3 0.897222 0.388889 0.036111 0.041975
3 0.754167 0.376543 0.038889 0.041975
3 0.620833 0.485185 0.027778 0.037037
3 0.653472 0.651852 0.023611 0.02963
3 0.833333 0.861728 0.077778 0.088889
3 0.963889 0.591358 0.072222 0.061728
1 0.300694 0.612346 0.031944 0.054321
0 0.116667 0.418519 0.027778 0.032099
0 0.1875 0.582716 0.041667 0.044444
0 0.284722 0.522222 0.025 0.041975
0 0.197222 0.395062 0.036111 0.093827
0 0.159028 0.358025 0.0125 0.02963
0 0.179167 0.277778 0.030556 0.046914
0 0.1 0.232099 0.027778 0.02963
0 0.026389 0.197531 0.025 0.034568
0 0.046528 0.176543 0.029167 0.02716
0 0.019444 0.123457 0.022222 0.02963
0 0.078472 0.024691 0.043056 0.044444
0 0.147222 0.041975 0.030556 0.039506
0 0.109028 0.064198 0.048611 0.059259
0 0.098611 0.165432 0.069444 0.064198
0 0.147222 0.134568 0.036111 0.046914
0 0.165972 0.190123 0.0375 0.044444
0 0.186806 0.134568 0.048611 0.066667
0 0.21875 0.228395 0.043056 0.071605
0 0.26875 0.249383 0.031944 0.059259
0 0.50625 0.345679 0.045833 0.083951
0 0.596528 0.051852 0.0625 0.083951
0 0.743056 0.035802 0.086111 0.066667
0 0.352778 0.541975 0.016667 0.061728
0 0.459028 0.42963 0.045833 0.083951
0 0.521528 0.512346 0.065278 0.120988
0 0.720139 0.828395 0.098611 0.145679
2 0.769444 0.209877 0.061111 0.153086
1 0.218056 0.517284 0.025 0.041975
1 0.221528 0.093827 0.051389 0.074074
1 0.322222 0.306173 0.044444 0.059259
1 0.346528 0.208642 0.056944 0.101235
1 0.504861 0.133333 0.043056 0.054321
1 0.476389 0.235802 0.066667 0.111111
1 0.694444 0.134568 0.088889 0.106173
1 0.595833 0.398765 0.05 0.091358
1 0.711806 0.440741 0.0875 0.116049
1 0.84375 0.480247 0.134722 0.180247
1 0.46875 0.879012 0.079167 0.148148
1 0.561806 0.725926 0.076389 0.118519
1 0.688194 0.930864 0.123611 0.138272
