3 0.740278 0.544444 0.022222 0.037037
3 0.721528 0.423457 0.029167 0.037037
1 0.834028 0.97284 0.079167 0.054321
1 0.179861 0.975309 0.073611 0.049383
1 0.310417 0.591358 0.151389 0.239506
1 0.840278 0.616049 0.083333 0.111111
1 0.920833 0.477778 0.158333 0.214815
0 0.459722 0.960494 0.091667 0.079012
0 0.711806 0.888889 0.0875 0.187654
0 0.734722 0.725926 0.094444 0.153086
0 0.672917 0.623457 0.068056 0.101235
0 0.579861 0.685185 0.068056 0.091358
0 0.604167 0.560494 0.077778 0.108642
0 0.601389 0.279012 0.077778 0.118519
0 0.720139 0.058025 0.093056 0.111111
