1 0.323611 0.969136 0.069444 0.061728
1 0.301389 0.828395 0.091667 0.101235
1 0.038889 0.697531 0.063889 0.091358
1 0.039583 0.316049 0.070833 0.133333
0 0.136111 0.664198 0.094444 0.162963
0 0.249306 0.525926 0.0625 0.118519
0 0.295139 0.22963 0.051389 0.069136
0 0.280556 0.140741 0.072222 0.098765
1 0.408333 0.02963 0.038889 0.054321
1 0.486111 0.292593 0.05 0.116049
0 0.370833 0.169136 0.088889 0.116049
0 0.415278 0.265432 0.058333 0.076543
0 0.443056 0.333333 0.061111 0.083951
3 0.549306 0.181481 0.023611 0.041975
3 0.542361 0.292593 0.031944 0.051852
3 0.760417 0.17037 0.0375 0.044444
3 0.721528 0.150617 0.023611 0.024691
3 0.741667 0.05679 0.038889 0.024691
3 0.922917 0.058025 0.056944 0.071605
3 0.838194 0.07037 0.043056 0.041975
2 0.643056 0.824691 0.055556 0.187654
0 0.469444 0.411111 0.058333 0.116049
0 0.545139 0.42716 0.073611 0.148148
0 0.409722 0.593827 0.069444 0.096296
0 0.568056 0.675309 0.094444 0.155556
0 0.636806 0.603704 0.101389 0.135802
0 0.702778 0.701235 0.069444 0.103704
3 0.402083 0.660494 0.026389 0.041975
3 0.822917 0.518519 0.026389 0.034568
3 0.681944 0.514815 0.038889 0.046914
3 0.809722 0.558025 0.038889 0.044444
1 0.584028 0.938272 0.076389 0.123457
1 0.870139 0.808642 0.126389 0.135802
