1 0.772222 0.222222 0.063889 0.064198
1 0.522222 0.095062 0.041667 0.046914
1 0.41875 0.250617 0.073611 0.096296
1 0.471528 0.217284 0.043056 0.079012
1 0.484028 0.358025 0.070833 0.128395
1 0.525694 0.285185 0.0625 0.051852
1 0.418056 0.539506 0.086111 0.111111
1 0.220833 0.859259 0.086111 0.118519
0 0.346528 0.193827 0.034722 0.032099
0 0.38125 0.112346 0.043056 0.066667
0 0.706944 0.061728 0.072222 0.118519
0 0.838889 0.211111 0.080556 0.091358
0 0.873611 0.296296 0.1 0.098765
0 0.963194 0.387654 0.073611 0.088889
0 0.621528 0.211111 0.059722 0.106173
0 0.64375 0.3 0.070833 0.111111
0 0.561806 0.293827 0.056944 0.088889
0 0.673611 0.479012 0.047222 0.069136
0 0.565278 0.593827 0.069444 0.120988
0 0.397917 0.444444 0.073611 0.128395
