0 0.938194 0.554321 0.095833 0.101235
0 0.390972 0.239506 0.031944 0.069136
0 0.772222 0.353086 0.047222 0.079012
0 0.484722 0.088889 0.025 0.044444
1 0.400694 0.048148 0.043056 0.032099
1 0.408333 0.177778 0.036111 0.049383
1 0.930556 0.207407 0.069444 0.039506
1 0.853472 0.265432 0.056944 0.071605
1 0.782639 0.261728 0.065278 0.059259
1 0.91875 0.323457 0.068056 0.049383
1 0.85 0.349383 0.088889 0.091358
1 0.771528 0.428395 0.065278 0.091358
1 0.184722 0.44321 0.036111 0.061728
1 0.226389 0.516049 0.033333 0.044444
1 0.315278 0.65679 0.063889 0.088889
1 0.567361 0.548148 0.059722 0.123457
1 0.402083 0.888889 0.051389 0.108642
