1 0.176389 0.849383 0.108333 0.187654
1 0.109028 0.912346 0.084722 0.140741
0 0.973611 0.52716 0.052778 0.111111
0 0.94375 0.7 0.095833 0.160494
0 0.604167 0.148148 0.061111 0.118519
0 0.063889 0.239506 0.097222 0.202469
0 0.221528 0.671605 0.079167 0.148148
0 0.047222 0.959259 0.083333 0.081481
1 0.93125 0.37037 0.0625 0.079012
1 0.922222 0.476543 0.061111 0.088889
1 0.503472 0.559259 0.084722 0.140741
1 0.234028 0.448148 0.129167 0.145679
1 0.175 0.583951 0.102778 0.165432
1 0.372917 0.301235 0.051389 0.069136
0 0.459722 0.204938 0.066667 0.118519
