0 0.027083 0.328395 0.051389 0.103704
0 0.067361 0.190123 0.051389 0.098765
1 0.427778 0.804938 0.1 0.148148
0 0.523611 0.679012 0.066667 0.14321
0 0.466667 0.691358 0.069444 0.11358
0 0.472222 0.597531 0.063889 0.103704
0 0.453472 0.540741 0.065278 0.088889
0 0.452778 0.464198 0.05 0.074074
0 0.494444 0.458025 0.047222 0.101235
0 0.488194 0.385185 0.051389 0.069136
0 0.433333 0.430864 0.05 0.08642
0 0.445833 0.360494 0.044444 0.064198
0 0.54375 0.308642 0.048611 0.083951
0 0.592361 0.258025 0.048611 0.071605
0 0.553472 0.234568 0.034722 0.074074
0 0.723611 0.060494 0.038889 0.05679
2 0.875694 0.241975 0.1125 0.088889
0 0.436806 0.304938 0.0375 0.061728
0 0.452778 0.254321 0.038889 0.049383
