1 0.764583 0.750617 0.065278 0.14321
1 0.500694 0.844444 0.0875 0.17284
0 0.934028 0.508642 0.068056 0.118519
0 0.9 0.45679 0.066667 0.098765
0 0.923611 0.412346 0.058333 0.093827
0 0.613889 0.064198 0.041667 0.069136
0 0.497917 0.279012 0.056944 0.103704
0 0.645139 0.916049 0.076389 0.167901
0 0.56875 0.965432 0.076389 0.069136
0 0.570833 0.749383 0.069444 0.116049
0 0.558333 0.877778 0.058333 0.120988
0 0.404861 0.874074 0.079167 0.123457
0 0.391667 0.759259 0.075 0.125926
0 0.328472 0.825926 0.098611 0.17037
0 0.219444 0.708642 0.077778 0.138272
