0 0.025694 0.785185 0.048611 0.153086
0 0.183333 0.335802 0.058333 0.074074
0 0.104861 0.365432 0.056944 0.064198
0 0.463194 0.375309 0.051389 0.074074
0 0.473611 0.290123 0.047222 0.066667
0 0.534028 0.265432 0.043056 0.05679
0 0.632639 0.233333 0.031944 0.051852
0 0.755556 0.280247 0.055556 0.091358
0 0.814583 0.228395 0.054167 0.091358
0 0.774306 0.398765 0.0625 0.116049
0 0.888889 0.4 0.075 0.128395
1 0.940972 0.506173 0.081944 0.088889
0 0.864583 0.551852 0.081944 0.135802
0 0.902778 0.780247 0.108333 0.182716
0 0.865972 0.91358 0.123611 0.17284
0 0.775694 0.971605 0.093056 0.05679
