0 0.497917 0.423457 0.065278 0.120988
0 0.429167 0.411111 0.063889 0.106173
1 0.884028 0.317284 0.098611 0.106173
0 0.38125 0.15679 0.040278 0.061728
0 0.267361 0.349383 0.056944 0.101235
0 0.369444 0.467901 0.066667 0.106173
0 0.647917 0.253086 0.0625 0.116049
0 0.768056 0.32716 0.055556 0.071605
0 0.956944 0.462963 0.086111 0.150617
0 0.629861 0.682716 0.068056 0.096296
1 0.718056 0.939506 0.086111 0.120988
0 0.599306 0.939506 0.059722 0.111111
0 0.486806 0.939506 0.084722 0.120988
0 0.388889 0.977778 0.091667 0.044444
0 0.385417 0.844444 0.095833 0.187654
0 0.271528 0.935802 0.059722 0.108642
0 0.120139 0.92716 0.084722 0.135802
