2 0.765278 0.483951 0.113889 0.187654
2 0.654167 0.792593 0.052778 0.103704
2 0.544444 0.717284 0.091667 0.111111
0 0.9625 0.233333 0.052778 0.101235
0 0.03125 0.139506 0.059722 0.111111
0 0.693056 0.033333 0.077778 0.061728
0 0.808333 0.181481 0.075 0.130864
1 0.09375 0.461728 0.076389 0.103704
1 0.202083 0.416049 0.0875 0.101235
1 0.352778 0.522222 0.069444 0.076543
1 0.266667 0.62963 0.083333 0.098765
1 0.440278 0.559259 0.075 0.116049
1 0.686111 0.47037 0.091667 0.185185
0 0.56875 0.895062 0.084722 0.17037
1 0.485417 0.92716 0.076389 0.145679
1 0.397917 0.951852 0.106944 0.096296
