0 0.477778 0.533333 0.033333 0.069136
1 0.917361 0.81358 0.073611 0.125926
1 0.844444 0.806173 0.072222 0.120988
1 0.593056 0.919753 0.063889 0.101235
0 0.01875 0.691358 0.034722 0.083951
0 0.128472 0.735802 0.056944 0.054321
0 0.196528 0.746914 0.045833 0.071605
0 0.824306 0.47284 0.051389 0.08642
0 0.910417 0.320988 0.079167 0.11358
0 0.952778 0.474074 0.094444 0.197531
0 0.730556 0.891358 0.080556 0.158025
0 0.570139 0.804938 0.056944 0.093827
0 0.388194 0.755556 0.054167 0.093827
0 0.329861 0.976543 0.043056 0.046914
0 0.038194 0.971605 0.073611 0.05679
