0 0.855556 0.491358 0.058333 0.069136
0 0.908333 0.422222 0.052778 0.069136
0 0.615278 0.467901 0.041667 0.061728
0 0.224306 0.793827 0.056944 0.076543
0 0.284722 0.72963 0.047222 0.066667
0 0.334722 0.681481 0.044444 0.054321
1 0.53125 0.574074 0.054167 0.061728
1 0.570833 0.622222 0.036111 0.054321
1 0.856944 0.617284 0.041667 0.044444
1 0.914583 0.740741 0.043056 0.064198
1 0.720833 0.82963 0.052778 0.093827
1 0.595833 0.690123 0.058333 0.08642
0 0.465972 0.974074 0.098611 0.051852
0 0.409722 0.895062 0.075 0.140741
0 0.328472 0.932099 0.081944 0.135802
