1 0.655556 0.537037 0.061111 0.08642
1 0.632639 0.6 0.048611 0.088889
1 0.873611 0.52963 0.052778 0.081481
1 0.910417 0.734568 0.065278 0.106173
1 0.985417 0.92716 0.029167 0.120988
1 0.523611 0.390123 0.038889 0.069136
1 0.641667 0.350617 0.058333 0.098765
1 0.852083 0.291358 0.048611 0.083951
1 0.625694 0.240741 0.034722 0.046914
1 0.516667 0.203704 0.066667 0.081481
1 0.097917 0.438272 0.043056 0.071605
1 0.316667 0.133333 0.052778 0.083951
0 0.442361 0.393827 0.068056 0.111111
0 0.439583 0.076543 0.051389 0.093827
0 0.497222 0.074074 0.055556 0.103704
0 0.806944 0.02716 0.041667 0.049383
0 0.6875 0.053086 0.038889 0.08642
0 0.695833 0.438272 0.058333 0.081481
0 0.963194 0.507407 0.051389 0.096296
1 0.411806 0.223457 0.048611 0.066667
