0 0.44375 0.866667 0.093056 0.17284
0 0.168056 0.932099 0.125 0.135802
1 0.263194 0.964198 0.073611 0.071605
1 0.65 0.862963 0.061111 0.096296
1 0.6875 0.7 0.063889 0.120988
1 0.871528 0.534568 0.079167 0.125926
1 0.681944 0.37037 0.055556 0.049383
1 0.719444 0.418519 0.05 0.061728
1 0.663889 0.488889 0.069444 0.064198
1 0.160417 0.733333 0.059722 0.11358
1 0.333333 0.746914 0.044444 0.051852
1 0.035417 0.683951 0.051389 0.093827
0 0.108333 0.55679 0.080556 0.081481
0 0.243056 0.52716 0.058333 0.061728
0 0.31875 0.493827 0.059722 0.074074
0 0.149306 0.48642 0.051389 0.059259
0 0.521528 0.766667 0.076389 0.125926
0 0.520833 0.923457 0.102778 0.153086
0 0.540278 0.416049 0.077778 0.106173
0 0.799306 0.375309 0.095833 0.123457
0 0.781944 0.096296 0.041667 0.074074
0 0.6 0.044444 0.036111 0.083951
