1 0.401389 0.664198 0.038889 0.059259
0 0.093056 0.945679 0.063889 0.108642
0 0.965972 0.646914 0.068056 0.103704
0 0.767361 0.654321 0.051389 0.088889
0 0.761806 0.488889 0.048611 0.064198
0 0.670833 0.644444 0.041667 0.069136
0 0.68125 0.559259 0.040278 0.061728
0 0.746528 0.564198 0.040278 0.061728
1 0.766667 0.722222 0.047222 0.076543
1 0.836111 0.841975 0.066667 0.098765
0 0.088194 0.592593 0.059722 0.064198
1 0.85 0.588889 0.055556 0.061728
0 0.668056 0.2 0.036111 0.054321
0 0.86875 0.275309 0.0375 0.066667
