1 0.068056 0.818519 0.061111 0.076543
1 0.86875 0.712346 0.065278 0.111111
1 0.804861 0.719753 0.065278 0.106173
1 0.590278 0.864198 0.055556 0.079012
0 0.215278 0.723457 0.038889 0.059259
0 0.148611 0.714815 0.058333 0.046914
0 0.031944 0.690123 0.061111 0.081481
0 0.565278 0.758025 0.063889 0.079012
0 0.397222 0.720988 0.061111 0.083951
0 0.344444 0.95679 0.047222 0.08642
0 0.075 0.94321 0.091667 0.108642
0 0.870833 0.269136 0.052778 0.098765
0 0.90625 0.406173 0.0875 0.160494
0 0.713889 0.804938 0.077778 0.148148
