0 0.898611 0.885185 0.052778 0.096296
0 0.719444 0.345679 0.036111 0.069136
0 0.60625 0.382716 0.051389 0.093827
0 0.617361 0.844444 0.0625 0.098765
0 0.500694 0.548148 0.029167 0.074074
0 0.50625 0.62963 0.045833 0.093827
0 0.397222 0.419753 0.055556 0.088889
0 0.335417 0.418519 0.0625 0.091358
0 0.317361 0.866667 0.104167 0.17284
1 0.577778 0.965432 0.066667 0.069136
1 0.771528 0.654321 0.051389 0.074074
1 0.956944 0.762963 0.063889 0.108642
1 0.811111 0.951852 0.061111 0.096296
1 0.540972 0.585185 0.0375 0.044444
1 0.553472 0.720988 0.056944 0.103704
1 0.41875 0.822222 0.040278 0.079012
1 0.4125 0.579012 0.077778 0.096296
1 0.196528 0.45679 0.059722 0.074074
