1 0.613194 0.367901 0.048611 0.054321
1 0.279861 0.719753 0.045833 0.051852
0 0.108333 0.916049 0.119444 0.148148
1 0.2 0.924691 0.088889 0.106173
0 0.454861 0.72963 0.076389 0.130864
0 0.469444 0.904938 0.088889 0.175309
0 0.183333 0.517284 0.069444 0.061728
0 0.038194 0.540741 0.073611 0.083951
0 0.475694 0.404938 0.073611 0.103704
0 0.715972 0.374074 0.084722 0.111111
0 0.970139 0.151852 0.059722 0.145679
1 0.778472 0.51358 0.090278 0.079012
0 0.397222 0.828395 0.069444 0.130864
0 0.254167 0.490123 0.047222 0.066667
1 0.6 0.462963 0.077778 0.071605
1 0.613889 0.655556 0.058333 0.106173
