0 0.744444 0.571605 0.075 0.17037
1 0.826389 0.720988 0.038889 0.069136
1 0.784722 0.649383 0.061111 0.088889
0 0.211806 0.691358 0.045833 0.069136
0 0.674306 0.041975 0.056944 0.079012
1 0.299306 0.090123 0.045833 0.05679
1 0.045139 0.27284 0.081944 0.076543
1 0.358333 0.141975 0.055556 0.076543
1 0.313889 0.376543 0.063889 0.096296
1 0.344444 0.565432 0.05 0.079012
1 0.273611 0.522222 0.061111 0.101235
1 0.666667 0.783951 0.080556 0.135802
1 0.745139 0.867901 0.040278 0.081481
0 0.429167 0.062963 0.077778 0.111111
