2 0.890972 0.622222 0.154167 0.251852
2 0.75 0.783951 0.086111 0.432099
1 0.716667 0.253086 0.077778 0.214815
1 0.709722 0.069136 0.066667 0.088889
1 0.36875 0.654321 0.065278 0.108642
2 0.156944 0.661728 0.108333 0.133333
1 0.669444 0.817284 0.122222 0.241975
1 0.325 0.283951 0.055556 0.074074
1 0.304167 0.385185 0.061111 0.103704
1 0.357639 0.382716 0.056944 0.093827
0 0.465278 0.802469 0.113889 0.207407
0 0.560417 0.777778 0.070833 0.123457
0 0.554167 0.595062 0.077778 0.138272
0 0.444444 0.54321 0.113889 0.232099
0 0.270833 0.702469 0.138889 0.283951
0 0.160417 0.932099 0.115278 0.135802
