0 0.399306 0.114815 0.043056 0.066667
0 0.449306 0.925926 0.051389 0.123457
0 0.589583 0.928395 0.059722 0.11358
0 0.806944 0.051852 0.055556 0.098765
0 0.8125 0.266667 0.063889 0.123457
0 0.636111 0.416049 0.05 0.091358
0 0.520833 0.306173 0.036111 0.074074
0 0.4375 0.337037 0.030556 0.071605
0 0.148611 0.235802 0.044444 0.076543
1 0.440278 0.687654 0.047222 0.091358
1 0.642361 0.924691 0.043056 0.071605
1 0.926389 0.788889 0.072222 0.091358
1 0.747222 0.662963 0.066667 0.120988
1 0.541667 0.724691 0.052778 0.091358
1 0.033333 0.783951 0.063889 0.160494
1 0.354861 0.97037 0.051389 0.059259
1 0.488194 0.939506 0.040278 0.096296
