0 0.19375 0.560494 0.3375 0.592593
0 0.110417 0.201235 0.215278 0.397531
0 0.285417 0.161728 0.226389 0.298765
2 0.321528 0.267901 0.201389 0.209877
3 0.388889 0.493827 0.152778 0.261728
2 0.533333 0.216049 0.161111 0.42716
0 0.608333 0.117284 0.066667 0.224691
3 0.486806 0.540741 0.1125 0.350617
3 0.672222 0.696296 0.302778 0.350617
3 0.886111 0.101235 0.213889 0.197531
2 0.729167 0.250617 0.372222 0.219753
2 0.874306 0.488889 0.251389 0.340741
2 0.913889 0.712346 0.172222 0.249383
3 0.884722 0.902469 0.230556 0.195062
2 0.707639 0.881481 0.181944 0.237037
