2 0.161111 0.653086 0.236111 0.407407
3 0.173611 0.279012 0.136111 0.192593
3 0.391667 0.134568 0.122222 0.145679
3 0.827083 0.061728 0.1375 0.118519
3 0.682639 0.058025 0.134722 0.111111
2 0.935417 0.12716 0.0875 0.165432
2 0.950694 0.271605 0.098611 0.182716
3 0.831944 0.182716 0.144444 0.128395
3 0.921528 0.434568 0.156944 0.335802
3 0.768056 0.295062 0.197222 0.224691
3 0.599306 0.202469 0.140278 0.138272
2 0.556944 0.114815 0.108333 0.175309
2 0.429861 0.322222 0.095833 0.298765
2 0.614583 0.345679 0.273611 0.251852
2 0.841667 0.614815 0.277778 0.4
3 0.6625 0.574074 0.230556 0.165432
0 0.904861 0.830864 0.190278 0.338272
2 0.64375 0.796296 0.4375 0.407407
2 0.290972 0.84321 0.345833 0.31358
