0 0.457639 0.75679 0.131944 0.190123
3 0.536806 0.871605 0.1375 0.241975
2 0.665972 0.924691 0.098611 0.150617
2 0.720139 0.877778 0.173611 0.244444
0 0.888194 0.84321 0.215278 0.31358
3 0.729167 0.68642 0.144444 0.22716
3 0.823611 0.669136 0.097222 0.222222
3 0.952083 0.866667 0.095833 0.266667
3 0.959028 0.708642 0.079167 0.158025
2 0.979861 0.596296 0.040278 0.155556
3 0.922222 0.565432 0.136111 0.128395
3 0.889583 0.504938 0.106944 0.150617
0 0.80625 0.490123 0.1375 0.175309
0 0.872917 0.381481 0.106944 0.140741
0 0.838889 0.324691 0.102778 0.140741
0 0.935417 0.365432 0.101389 0.177778
0 0.977083 0.367901 0.045833 0.25679
0 0.643056 0.54321 0.136111 0.212346
0 0.733333 0.379012 0.105556 0.2
2 0.635417 0.381481 0.134722 0.135802
1 0.503472 0.540741 0.1375 0.158025
1 0.470139 0.350617 0.109722 0.148148
1 0.278472 0.822222 0.181944 0.316049
3 0.116667 0.57037 0.105556 0.14321
