0 0.628472 0.108642 0.054167 0.093827
1 0.582639 0.545679 0.0375 0.064198
0 0.536806 0.541975 0.0625 0.111111
1 0.445139 0.532099 0.048611 0.076543
0 0.410417 0.511111 0.048611 0.118519
0 0.336806 0.97037 0.059722 0.059259
1 0.031944 0.22716 0.061111 0.123457
1 0.016667 0.496296 0.030556 0.138272
1 0.570833 0.249383 0.036111 0.088889
1 0.554861 0.198765 0.034722 0.05679
1 0.582639 0.171605 0.031944 0.076543
1 0.509722 0.367901 0.05 0.083951
1 0.415972 0.317284 0.045833 0.071605
1 0.422222 0.719753 0.044444 0.081481
1 0.324306 0.523457 0.059722 0.11358
1 0.291667 0.675309 0.086111 0.150617
1 0.849306 0.474074 0.0625 0.074074
1 0.704167 0.338272 0.063889 0.11358
1 0.58125 0.887654 0.043056 0.091358
1 0.628472 0.893827 0.040278 0.083951
1 0.659722 0.845679 0.061111 0.120988
