3 0.468056 0.067901 0.105556 0.130864
3 0.818056 0.237037 0.163889 0.237037
3 0.925 0.381481 0.15 0.219753
3 0.979861 0.544444 0.040278 0.269136
0 0.971528 0.538272 0.056944 0.281481
0 0.929167 0.787654 0.141667 0.424691
3 0.851389 0.855556 0.297222 0.288889
3 0.718056 0.390123 0.161111 0.241975
3 0.665972 0.55679 0.176389 0.234568
2 0.486806 0.253086 0.2375 0.145679
2 0.517361 0.87037 0.140278 0.259259
3 0.61875 0.806173 0.251389 0.387654
3 0.408333 0.918519 0.122222 0.162963
3 0.360417 0.561728 0.148611 0.2
0 0.380556 0.650617 0.230556 0.446914
0 0.244444 0.944444 0.213889 0.111111
3 0.309722 0.837037 0.041667 0.212346
2 0.241667 0.701235 0.141667 0.474074
0 0.149306 0.759259 0.168056 0.318519
0 0.047917 0.724691 0.093056 0.239506
