3 0.588889 0.059259 0.094444 0.11358
2 0.670833 0.091358 0.125 0.11358
2 0.722917 0.066667 0.115278 0.128395
3 0.439583 0.079012 0.101389 0.153086
3 0.336111 0.1 0.136111 0.195062
2 0.3375 0.703704 0.361111 0.592593
3 0.663194 0.183951 0.140278 0.116049
0 0.546528 0.233333 0.165278 0.244444
0 0.622917 0.365432 0.1375 0.192593
0 0.725 0.296296 0.122222 0.202469
0 0.445833 0.565432 0.191667 0.325926
0 0.711111 0.801235 0.263889 0.397531
2 0.564583 0.650617 0.131944 0.382716
2 0.729861 0.585185 0.229167 0.311111
2 0.788889 0.369136 0.188889 0.274074
0 0.849306 0.575309 0.151389 0.251852
0 0.896528 0.307407 0.079167 0.150617
2 0.93125 0.475309 0.1375 0.224691
0 0.976389 0.635802 0.047222 0.180247
0 0.965972 0.833333 0.068056 0.244444
