0 0.085417 0.554321 0.168056 0.190123
0 0.069444 0.718519 0.136111 0.212346
0 0.075 0.830864 0.144444 0.239506
0 0.029861 0.92963 0.056944 0.140741
2 0.036111 0.245679 0.069444 0.116049
0 0.211806 0.860494 0.165278 0.274074
0 0.21875 0.637037 0.1625 0.251852
0 0.189583 0.434568 0.134722 0.232099
3 0.485417 0.61358 0.159722 0.259259
0 0.302778 0.416049 0.125 0.204938
0 0.360417 0.544444 0.165278 0.298765
0 0.365972 0.806173 0.181944 0.382716
0 0.494444 0.890123 0.233333 0.219753
0 0.319444 0.239506 0.116667 0.182716
0 0.388889 0.269136 0.122222 0.153086
0 0.440278 0.382716 0.127778 0.222222
0 0.436806 0.117284 0.131944 0.190123
0 0.5125 0.201235 0.113889 0.204938
0 0.567361 0.379012 0.1625 0.244444
0 0.6125 0.237037 0.130556 0.212346
0 0.559028 0.034568 0.076389 0.064198
0 0.604167 0.082716 0.133333 0.160494
0 0.6375 0.607407 0.177778 0.311111
0 0.726389 0.854321 0.211111 0.291358
0 0.806944 0.630864 0.2 0.333333
0 0.75625 0.404938 0.148611 0.22716
0 0.759028 0.235802 0.148611 0.195062
0 0.727778 0.102469 0.127778 0.185185
0 0.911806 0.418519 0.176389 0.318519
