1 0.888194 0.628395 0.068056 0.08642
1 0.673611 0.862963 0.044444 0.081481
1 0.548611 0.959259 0.066667 0.081481
0 0.628472 0.118519 0.0375 0.064198
0 0.527778 0.585185 0.038889 0.074074
0 0.649306 0.735802 0.0375 0.074074
0 0.079861 0.481481 0.084722 0.098765
0 0.463194 0.48642 0.040278 0.059259
0 0.423611 0.52716 0.038889 0.066667
0 0.4625 0.669136 0.047222 0.083951
0 0.625 0.48642 0.044444 0.083951
0 0.806944 0.439506 0.044444 0.064198
0 0.711806 0.57037 0.054167 0.088889
0 0.741667 0.722222 0.052778 0.08642
