0 0.740278 0.295062 0.047222 0.071605
0 0.541667 0.340741 0.047222 0.093827
0 0.4375 0.471605 0.041667 0.083951
0 0.31875 0.406173 0.048611 0.071605
0 0.363889 0.355556 0.044444 0.064198
0 0.366667 0.575309 0.055556 0.11358
0 0.642361 0.449383 0.051389 0.093827
0 0.679861 0.639506 0.065278 0.108642
0 0.978472 0.690123 0.043056 0.091358
1 0.540278 0.966667 0.072222 0.066667
1 0.470139 0.923457 0.079167 0.128395
1 0.604861 0.77284 0.054167 0.088889
1 0.832639 0.516049 0.0625 0.088889
1 0.782639 0.453086 0.056944 0.081481
