3 0.053472 0.322222 0.104167 0.140741
3 0.102778 0.933333 0.180556 0.133333
3 0.124306 0.762963 0.198611 0.281481
1 0.670139 0.832099 0.2625 0.335802
3 0.241667 0.735802 0.119444 0.241975
0 0.217361 0.946914 0.143056 0.106173
0 0.326389 0.934568 0.147222 0.130864
0 0.497222 0.876543 0.188889 0.246914
3 0.461806 0.798765 0.143056 0.234568
3 0.474306 0.654321 0.118056 0.17284
2 0.325694 0.764198 0.190278 0.303704
2 0.352083 0.809877 0.151389 0.237037
1 0.234722 0.5 0.155556 0.234568
0 0.389583 0.420988 0.098611 0.155556
1 0.429861 0.260494 0.120833 0.125926
1 0.400694 0.114815 0.101389 0.125926
3 0.465278 0.48642 0.122222 0.17284
3 0.5875 0.640741 0.141667 0.259259
2 0.629167 0.549383 0.186111 0.214815
2 0.638194 0.508642 0.093056 0.217284
0 0.741667 0.419753 0.147222 0.261728
2 0.973611 0.918519 0.052778 0.162963
3 0.841667 0.720988 0.202778 0.271605
3 0.938194 0.676543 0.123611 0.251852
3 0.871528 0.495062 0.148611 0.214815
3 0.965972 0.462963 0.068056 0.130864
2 0.550694 0.137037 0.104167 0.08642
0 0.552778 0.234568 0.108333 0.158025
3 0.830556 0.324691 0.094444 0.091358
3 0.627778 0.318519 0.116667 0.153086
3 0.70625 0.288889 0.076389 0.108642
3 0.780556 0.22963 0.088889 0.093827
3 0.765972 0.185185 0.079167 0.093827
0 0.635417 0.091358 0.095833 0.177778
0 0.695833 0.166667 0.094444 0.125926
0 0.736806 0.069136 0.098611 0.133333
0 0.810417 0.077778 0.079167 0.145679
0 0.888889 0.037037 0.088889 0.069136
2 0.920139 0.338272 0.159722 0.123457
2 0.871528 0.196296 0.123611 0.209877
0 0.98125 0.117284 0.0375 0.190123
3 0.929861 0.220988 0.065278 0.091358
2 0.959028 0.033333 0.070833 0.061728
