0 0.442361 0.023457 0.0625 0.041975
0 0.535417 0.219753 0.0625 0.098765
0 0.442361 0.728395 0.076389 0.128395
0 0.25625 0.818519 0.0875 0.150617
0 0.330556 0.361728 0.058333 0.096296
0 0.194444 0.312346 0.075 0.111111
1 0.623611 0.391358 0.047222 0.071605
2 0.576389 0.349383 0.066667 0.145679
2 0.143056 0.881481 0.077778 0.237037
1 0.313889 0.488889 0.058333 0.093827
1 0.274306 0.620988 0.0625 0.116049
1 0.347917 0.819753 0.068056 0.11358
1 0.688889 0.22963 0.061111 0.083951
1 0.597917 0.77037 0.0625 0.074074
1 0.502083 0.951852 0.084722 0.096296
