2 0.620139 0.398765 0.051389 0.140741
3 0.091667 0.908642 0.177778 0.182716
3 0.198611 0.803704 0.141667 0.249383
3 0.318056 0.707407 0.125 0.219753
3 0.329167 0.887654 0.1 0.224691
3 0.125 0.322222 0.116667 0.160494
3 0.580556 0.24321 0.094444 0.145679
0 0.465972 0.281481 0.0875 0.187654
0 0.529167 0.401235 0.077778 0.111111
2 0.417361 0.885185 0.120833 0.22963
3 0.492361 0.861728 0.118056 0.246914
0 0.555556 0.660494 0.125 0.195062
0 0.592361 0.804938 0.143056 0.261728
0 0.725 0.77284 0.138889 0.271605
3 0.668056 0.620988 0.127778 0.116049
2 0.8375 0.920988 0.155556 0.158025
3 0.938889 0.765432 0.122222 0.187654
2 0.853472 0.688889 0.095833 0.251852
2 0.636806 0.477778 0.170833 0.204938
2 0.852083 0.362963 0.054167 0.093827
3 0.925 0.355556 0.077778 0.138272
3 0.796528 0.402469 0.045833 0.118519
2 0.859028 0.323457 0.073611 0.118519
3 0.757639 0.48642 0.070833 0.14321
2 0.742361 0.380247 0.079167 0.083951
2 0.874306 0.483951 0.1625 0.11358
3 0.948611 0.596296 0.102778 0.2
