0 0.870833 0.38642 0.044444 0.076543
0 0.840278 0.512346 0.041667 0.071605
0 0.709028 0.538272 0.040278 0.074074
0 0.597917 0.758025 0.051389 0.069136
0 0.516667 0.682716 0.044444 0.071605
0 0.424306 0.901235 0.043056 0.093827
0 0.273611 0.666667 0.066667 0.098765
0 0.292361 0.27037 0.056944 0.091358
0 0.097917 0.287654 0.068056 0.096296
0 0.079861 0.638272 0.073611 0.111111
1 0.388889 0.371605 0.038889 0.076543
1 0.601389 0.645679 0.038889 0.061728
1 0.732639 0.697531 0.043056 0.081481
1 0.590972 0.950617 0.040278 0.069136
1 0.618056 0.979012 0.033333 0.041975
1 0.642361 0.966667 0.043056 0.066667
1 0.44375 0.7 0.054167 0.106173
1 0.479861 0.630864 0.034722 0.071605
1 0.322917 0.522222 0.045833 0.076543
1 0.198611 0.612346 0.063889 0.11358
1 0.019444 0.735802 0.036111 0.083951
