0 0.770139 0.860494 0.051389 0.101235
0 0.670139 0.719753 0.048611 0.076543
0 0.666667 0.659259 0.047222 0.054321
0 0.665278 0.619753 0.038889 0.049383
0 0.626389 0.637037 0.030556 0.059259
0 0.570139 0.602469 0.040278 0.054321
0 0.6375 0.885185 0.061111 0.096296
0 0.601389 0.944444 0.038889 0.071605
0 0.611111 0.75679 0.041667 0.076543
0 0.543056 0.740741 0.05 0.093827
0 0.434722 0.675309 0.041667 0.081481
0 0.454167 0.887654 0.047222 0.091358
0 0.118056 0.950617 0.052778 0.098765
0 0.972917 0.590123 0.054167 0.079012
