2 0.160417 0.303704 0.076389 0.14321
2 0.046528 0.790123 0.090278 0.409877
2 0.179861 0.679012 0.101389 0.276543
2 0.121528 0.690123 0.0875 0.224691
2 0.2 0.891358 0.163889 0.217284
0 0.296528 0.922222 0.093056 0.155556
3 0.665278 0.946914 0.166667 0.106173
3 0.554167 0.874074 0.105556 0.251852
3 0.472917 0.97037 0.140278 0.059259
3 0.470139 0.82963 0.098611 0.251852
0 0.425694 0.714815 0.120833 0.239506
2 0.352778 0.630864 0.180556 0.195062
0 0.355556 0.51358 0.105556 0.192593
2 0.236111 0.404938 0.144444 0.212346
2 0.269444 0.471605 0.119444 0.123457
2 0.36875 0.293827 0.126389 0.162963
3 0.56875 0.551852 0.070833 0.234568
0 0.509722 0.560494 0.108333 0.237037
0 0.485417 0.439506 0.101389 0.153086
0 0.430556 0.359259 0.077778 0.195062
3 0.645139 0.261728 0.115278 0.207407
3 0.5625 0.287654 0.072222 0.101235
0 0.4875 0.307407 0.097222 0.140741
0 0.568056 0.180247 0.094444 0.138272
0 0.464583 0.191358 0.095833 0.155556
2 0.384722 0.188889 0.141667 0.180247
2 0.306944 0.137037 0.061111 0.101235
2 0.345833 0.061728 0.102778 0.118519
0 0.421528 0.051852 0.056944 0.098765
2 0.464583 0.048148 0.095833 0.091358
0 0.535417 0.07284 0.073611 0.140741
2 0.58125 0.060494 0.073611 0.116049
0 0.675694 0.081481 0.115278 0.158025
