2 0.299306 0.723457 0.0625 0.261728
0 0.334722 0.71358 0.091667 0.162963
2 0.350694 0.839506 0.079167 0.320988
2 0.413889 0.730864 0.088889 0.11358
2 0.43125 0.867901 0.068056 0.264198
0 0.505556 0.801235 0.1 0.219753
2 0.480556 0.612346 0.091667 0.128395
2 0.584028 0.602469 0.1625 0.192593
0 0.407639 0.558025 0.0875 0.162963
2 0.336111 0.459259 0.055556 0.222222
2 0.315972 0.330864 0.048611 0.187654
2 0.388194 0.120988 0.079167 0.167901
2 0.452778 0.438272 0.080556 0.116049
2 0.509722 0.433333 0.113889 0.214815
2 0.419444 0.306173 0.108333 0.177778
2 0.440278 0.212346 0.061111 0.197531
2 0.614583 0.433333 0.126389 0.274074
0 0.584722 0.409877 0.077778 0.138272
0 0.511806 0.32716 0.084722 0.140741
2 0.54375 0.120988 0.129167 0.192593
0 0.585417 0.267901 0.0875 0.145679
0 0.64375 0.12716 0.076389 0.165432
0 0.53125 0.083951 0.070833 0.103704
2 0.628472 0.840741 0.195833 0.318519
2 0.545139 0.911111 0.106944 0.177778
2 0.616667 0.950617 0.097222 0.098765
2 0.744444 0.798765 0.116667 0.377778
0 0.678472 0.761728 0.106944 0.195062
0 0.696528 0.593827 0.098611 0.17037
0 0.741667 0.108642 0.102778 0.17284
0 0.748611 0.258025 0.116667 0.155556
0 0.772222 0.497531 0.111111 0.165432
2 0.747917 0.379012 0.179167 0.17037
2 0.831944 0.179012 0.15 0.17037
2 0.843056 0.075309 0.111111 0.116049
