0 0.876389 0.937037 0.155556 0.125926
2 0.930556 0.711111 0.138889 0.296296
2 0.804861 0.867901 0.1375 0.264198
2 0.725 0.785185 0.111111 0.42963
2 0.900694 0.302469 0.198611 0.244444
0 0.832639 0.038272 0.0875 0.071605
0 0.909722 0.462963 0.144444 0.135802
0 0.827083 0.630864 0.140278 0.249383
0 0.776389 0.350617 0.086111 0.167901
0 0.692361 0.303704 0.101389 0.158025
2 0.795139 0.103704 0.140278 0.133333
0 0.641667 0.067901 0.086111 0.130864
0 0.580556 0.153086 0.097222 0.153086
0 0.572222 0.28642 0.105556 0.182716
0 0.548611 0.455556 0.113889 0.185185
3 0.708333 0.42963 0.075 0.11358
3 0.634722 0.417284 0.080556 0.182716
3 0.586806 0.562963 0.101389 0.118519
0 0.647917 0.693827 0.134722 0.217284
0 0.599306 0.853086 0.145833 0.274074
0 0.483333 0.77037 0.116667 0.266667
0 0.397222 0.650617 0.141667 0.209877
2 0.459722 0.401235 0.066667 0.249383
0 0.409722 0.283951 0.102778 0.177778
2 0.43125 0.058025 0.140278 0.111111
2 0.352778 0.416049 0.197222 0.2
2 0.34375 0.534568 0.181944 0.2
2 0.314583 0.448148 0.2125 0.120988
2 0.177778 0.439506 0.111111 0.217284
2 0.148611 0.279012 0.152778 0.108642
0 0.290972 0.825926 0.131944 0.279012
0 0.363889 0.928395 0.15 0.14321
0 0.063889 0.379012 0.116667 0.17037
0 0.059028 0.51358 0.115278 0.192593
0 0.076389 0.891358 0.133333 0.217284
2 0.186806 0.893827 0.1625 0.212346
2 0.040972 0.733333 0.076389 0.138272
2 0.172917 0.745679 0.1375 0.148148
