2 0.066667 0.266667 0.130556 0.133333
0 0.108333 0.751852 0.147222 0.204938
0 0.088889 0.914815 0.15 0.17037
0 0.080556 0.523457 0.127778 0.192593
0 0.182639 0.544444 0.115278 0.195062
0 0.252778 0.691358 0.130556 0.237037
0 0.243056 0.906173 0.125 0.187654
3 0.343056 0.787654 0.125 0.232099
0 0.330556 0.554321 0.105556 0.160494
0 0.290278 0.422222 0.102778 0.158025
0 0.240972 0.32963 0.104167 0.175309
0 0.339583 0.309877 0.081944 0.155556
0 0.368056 0.238272 0.088889 0.145679
0 0.416667 0.387654 0.086111 0.167901
0 0.463889 0.11358 0.086111 0.14321
0 0.502778 0.209877 0.091667 0.138272
0 0.518056 0.303704 0.091667 0.158025
0 0.498611 0.464198 0.102778 0.182716
0 0.432639 0.593827 0.106944 0.185185
0 0.441667 0.862963 0.127778 0.259259
0 0.569444 0.869136 0.122222 0.232099
0 0.603472 0.361728 0.098611 0.155556
0 0.607639 0.493827 0.104167 0.162963
0 0.596528 0.650617 0.106944 0.180247
0 0.700694 0.744444 0.134722 0.239506
