0 0.183333 0.585185 0.105556 0.17284
0 0.153472 0.737037 0.106944 0.2
0 0.244444 0.676543 0.105556 0.207407
0 0.094444 0.893827 0.172222 0.212346
0 0.264583 0.9 0.143056 0.2
0 0.578472 0.548148 0.093056 0.138272
3 0.426389 0.893827 0.102778 0.212346
0 0.356944 0.954321 0.113889 0.091358
0 0.3 0.497531 0.122222 0.219753
0 0.377778 0.634568 0.136111 0.246914
0 0.395139 0.437037 0.104167 0.162963
0 0.478472 0.517284 0.109722 0.219753
0 0.488889 0.745679 0.136111 0.232099
0 0.586806 0.696296 0.129167 0.241975
0 0.538194 0.901235 0.129167 0.197531
0 0.659722 0.890123 0.130556 0.219753
0 0.552083 0.37284 0.106944 0.222222
0 0.626389 0.398765 0.127778 0.249383
0 0.536111 0.22716 0.108333 0.17284
0 0.640278 0.141975 0.116667 0.180247
0 0.71875 0.328395 0.115278 0.197531
0 0.75625 0.148148 0.104167 0.182716
0 0.7375 0.482716 0.130556 0.180247
0 0.724306 0.685185 0.151389 0.219753
0 0.813194 0.864198 0.170833 0.271605
0 0.844444 0.276543 0.152778 0.197531
0 0.754861 0.034568 0.134722 0.064198
0 0.892361 0.140741 0.109722 0.162963
0 0.896528 0.462963 0.176389 0.259259
3 0.950694 0.349383 0.098611 0.185185
0 0.94375 0.048148 0.101389 0.091358
0 0.974306 0.182716 0.051389 0.177778
0 0.957639 0.639506 0.084722 0.261728
0 0.950694 0.881481 0.098611 0.237037
