2 0.629167 0.458025 0.216667 0.402469
0 0.044444 0.375309 0.086111 0.207407
2 0.065972 0.509877 0.104167 0.293827
2 0.1 0.691358 0.194444 0.335802
0 0.097917 0.824691 0.168056 0.271605
2 0.263889 0.859259 0.252778 0.281481
3 0.229167 0.677778 0.1 0.125926
2 0.382639 0.74321 0.206944 0.237037
2 0.318056 0.539506 0.286111 0.274074
2 0.433333 0.649383 0.119444 0.182716
0 0.170833 0.416049 0.125 0.209877
2 0.179167 0.281481 0.208333 0.197531
0 0.092361 0.192593 0.109722 0.167901
0 0.18125 0.17284 0.126389 0.212346
0 0.2875 0.418519 0.111111 0.155556
0 0.272917 0.21358 0.106944 0.175309
0 0.436111 0.292593 0.155556 0.308642
3 0.315972 0.139506 0.118056 0.091358
2 0.413889 0.912346 0.280556 0.175309
2 0.58125 0.777778 0.123611 0.444444
2 0.703472 0.893827 0.131944 0.212346
3 0.511806 0.618519 0.093056 0.264198
0 0.577778 0.446914 0.166667 0.202469
0 0.499306 0.109877 0.129167 0.214815
0 0.645139 0.201235 0.131944 0.224691
3 0.593056 0.160494 0.086111 0.177778
3 0.615972 0.051852 0.109722 0.098765
3 0.704167 0.095062 0.097222 0.155556
0 0.799306 0.292593 0.120833 0.165432
3 0.765972 0.074074 0.106944 0.14321
2 0.804167 0.07284 0.141667 0.140741
2 0.857639 0.171605 0.165278 0.140741
2 0.879861 0.350617 0.115278 0.311111
2 0.9125 0.459259 0.175 0.311111
2 0.954861 0.64321 0.090278 0.283951
2 0.904167 0.822222 0.191667 0.241975
2 0.958333 0.2 0.083333 0.380247
