3 0.950694 0.183951 0.098611 0.180247
0 0.923611 0.401235 0.152778 0.402469
0 0.813194 0.098765 0.209722 0.192593
2 0.840278 0.487654 0.213889 0.585185
0 0.780556 0.864198 0.208333 0.271605
2 0.672222 0.701235 0.283333 0.212346
0 0.689583 0.47284 0.104167 0.303704
3 0.688889 0.193827 0.130556 0.308642
0 0.570139 0.293827 0.159722 0.320988
0 0.520833 0.081481 0.130556 0.158025
0 0.452083 0.180247 0.151389 0.261728
3 0.538889 0.57037 0.166667 0.232099
3 0.468056 0.440741 0.069444 0.264198
3 0.259028 0.1 0.159722 0.195062
0 0.382639 0.371605 0.165278 0.279012
0 0.18125 0.27037 0.148611 0.264198
0 0.415972 0.690123 0.140278 0.244444
0 0.530556 0.841975 0.188889 0.266667
2 0.183333 0.816049 0.111111 0.367901
2 0.294444 0.741975 0.147222 0.446914
3 0.177778 0.944444 0.105556 0.111111
3 0.130556 0.765432 0.080556 0.25679
2 0.106944 0.595062 0.158333 0.306173
0 0.049306 0.316049 0.095833 0.232099
