3 0.938889 0.845679 0.116667 0.308642
3 0.676389 0.364198 0.05 0.160494
2 0.672222 0.246914 0.069444 0.11358
2 0.656944 0.14321 0.083333 0.14321
2 0.746528 0.275309 0.084722 0.150617
3 0.051389 0.801235 0.1 0.249383
0 0.311111 0.361728 0.088889 0.101235
0 0.243056 0.240741 0.133333 0.239506
0 0.297222 0.762963 0.163889 0.261728
0 0.284722 0.919753 0.205556 0.160494
0 0.46875 0.859259 0.190278 0.281481
3 0.442361 0.730864 0.159722 0.271605
2 0.432639 0.485185 0.215278 0.288889
2 0.449306 0.367901 0.106944 0.237037
3 0.415972 0.159259 0.106944 0.190123
3 0.517361 0.185185 0.129167 0.167901
3 0.595139 0.47037 0.104167 0.22963
2 0.761806 0.455556 0.270833 0.22963
2 0.708333 0.787654 0.15 0.385185
3 0.841667 0.265432 0.138889 0.209877
3 0.841667 0.634568 0.152778 0.291358
3 0.795833 0.876543 0.177778 0.246914
