0 0.044444 0.828395 0.086111 0.269136
3 0.052778 0.509877 0.102778 0.165432
3 0.270833 0.954321 0.072222 0.091358
0 0.15 0.630864 0.155556 0.22963
0 0.175 0.823457 0.166667 0.195062
0 0.2625 0.692593 0.136111 0.190123
0 0.502778 0.807407 0.191667 0.330864
2 0.363889 0.912346 0.136111 0.175309
2 0.349306 0.817284 0.134722 0.217284
0 0.258333 0.475309 0.133333 0.204938
0 0.199306 0.296296 0.131944 0.197531
2 0.238889 0.2 0.15 0.162963
2 0.053472 0.237037 0.104167 0.098765
2 0.391667 0.52963 0.180556 0.190123
0 0.363889 0.362963 0.111111 0.212346
0 0.342361 0.148148 0.106944 0.232099
3 0.452083 0.288889 0.093056 0.187654
2 0.448611 0.135802 0.194444 0.25679
2 0.659722 0.812346 0.147222 0.375309
2 0.777083 0.734568 0.206944 0.417284
2 0.597917 0.509877 0.079167 0.402469
0 0.517361 0.398765 0.115278 0.224691
0 0.658333 0.508642 0.075 0.217284
2 0.675 0.074074 0.152778 0.138272
3 0.670139 0.18642 0.129167 0.22963
2 0.568056 0.219753 0.080556 0.237037
0 0.748611 0.196296 0.077778 0.269136
0 0.710417 0.379012 0.179167 0.155556
0 0.834028 0.465432 0.123611 0.224691
2 0.890278 0.414815 0.147222 0.528395
2 0.894444 0.745679 0.211111 0.197531
2 0.948611 0.885185 0.102778 0.185185
2 0.913194 0.091358 0.173611 0.177778
0 0.9375 0.22716 0.094444 0.217284
2 0.975694 0.48642 0.048611 0.330864
