2 0.656944 0.593827 0.047222 0.125926
2 0.590278 0.807407 0.066667 0.118519
3 0.688889 0.854321 0.030556 0.039506
1 0.691667 0.777778 0.069444 0.098765
1 0.783333 0.61358 0.083333 0.091358
0 0.403472 0.351852 0.034722 0.046914
0 0.063889 0.246914 0.055556 0.044444
0 0.259722 0.938272 0.077778 0.093827
0 0.397222 0.937037 0.077778 0.106173
0 0.484722 0.801235 0.072222 0.120988
0 0.309028 0.350617 0.045833 0.074074
0 0.505556 0.365432 0.055556 0.054321
0 0.553472 0.411111 0.056944 0.071605
0 0.515278 0.445679 0.052778 0.081481
0 0.602083 0.479012 0.068056 0.11358
0 0.195833 0.609877 0.091667 0.158025
