1 0.422917 0.232407 0.026562 0.042593
0 0.859505 0.896065 0.113802 0.194907
0 0.823828 0.38912 0.073177 0.088426
0 0.670312 0.324537 0.043229 0.055556
0 0.555599 0.249537 0.04974 0.076852
0 0.538802 0.227546 0.041667 0.069907
0 0.51263 0.313889 0.04401 0.074074
0 0.404818 0.440509 0.059115 0.088426
0 0.41237 0.561111 0.082552 0.12963
0 0.15026 0.560185 0.066667 0.102778
0 0.10612 0.600926 0.064844 0.092593
0 0.13737 0.46412 0.045573 0.064352
0 0.08125 0.458565 0.056771 0.06713
1 0.617708 0.293056 0.045833 0.038889
1 0.944531 0.465509 0.064062 0.069907
1 0.022135 0.953472 0.04375 0.093056
