1 0.878385 0.259491 0.03125 0.043056
0 0.45651 0.373611 0.026562 0.039815
0 0.446875 0.687963 0.029687 0.052778
0 0.530339 0.792824 0.036198 0.0625
1 0.33112 0.884028 0.035156 0.043056
0 0.099349 0.983333 0.054427 0.033333
0 0.296875 0.85463 0.03125 0.05
0 0.298958 0.693519 0.032292 0.058333
0 0.655859 0.507407 0.048177 0.071296
0 0.638672 0.443519 0.042448 0.062963
0 0.600911 0.426157 0.033073 0.051389
0 0.874349 0.434028 0.060156 0.075463
0 0.885156 0.526157 0.075521 0.093981
1 0.578906 0.731944 0.044792 0.092593
