0 0.76276 0.847222 0.038542 0.048148
0 0.740885 0.904398 0.034375 0.070833
0 0.596224 0.825463 0.042448 0.064815
0 0.38138 0.96412 0.058594 0.071759
0 0.550521 0.831944 0.052604 0.061111
0 0.033464 0.684491 0.066406 0.080093
1 0.854818 0.963657 0.045052 0.072685
1 0.245052 0.76412 0.067708 0.083796
1 0.283073 0.712037 0.038021 0.052778
1 0.774479 0.918287 0.036458 0.09213
1 0.72487 0.963194 0.040365 0.073611
1 0.666927 0.93588 0.042708 0.071759
1 0.075651 0.96713 0.067969 0.065741
1 0.317318 0.85463 0.05026 0.093519
1 0.22513 0.834722 0.048177 0.059259
1 0.181771 0.788426 0.058854 0.069444
