0 0.521528 0.066667 0.045833 0.069136
0 0.65 0.253086 0.041667 0.05679
0 0.661806 0.353086 0.056944 0.083951
0 0.560417 0.22963 0.051389 0.098765
0 0.465278 0.323457 0.061111 0.103704
0 0.738889 0.135802 0.047222 0.079012
0 0.730556 0.240741 0.041667 0.076543
0 0.802778 0.365432 0.052778 0.079012
0 0.825694 0.424691 0.048611 0.079012
0 0.761806 0.608642 0.054167 0.096296
0 0.694444 0.567901 0.061111 0.098765
0 0.622222 0.52963 0.063889 0.116049
0 0.549306 0.522222 0.065278 0.125926
0 0.540278 0.65679 0.072222 0.123457
0 0.424306 0.788889 0.081944 0.165432
2 0.620833 0.77284 0.061111 0.083951
