2 0.086111 0.634568 0.075 0.103704
1 0.220139 0.34321 0.040278 0.039506
1 0.122222 0.276543 0.05 0.069136
0 0.734722 0.22716 0.030556 0.049383
0 0.617361 0.192593 0.048611 0.054321
0 0.625694 0.401235 0.034722 0.08642
0 0.681944 0.738272 0.063889 0.088889
0 0.274306 0.611111 0.076389 0.096296
0 0.1125 0.807407 0.119444 0.123457
0 0.220833 0.485185 0.066667 0.08642
1 0.577083 0.433333 0.034722 0.096296
1 0.454167 0.197531 0.041667 0.079012
0 0.784722 0.207407 0.036111 0.064198
0 0.660417 0.141975 0.029167 0.05679
