0 0.2875 0.107407 0.052778 0.096296
0 0.304167 0.393827 0.061111 0.106173
0 0.257639 0.439506 0.045833 0.079012
0 0.270833 0.309877 0.063889 0.106173
0 0.284722 0.232099 0.055556 0.079012
0 0.176389 0.295062 0.061111 0.091358
0 0.096528 0.269136 0.068056 0.083951
0 0.108333 0.449383 0.083333 0.123457
0 0.329167 0.816049 0.066667 0.116049
0 0.5125 0.52716 0.088889 0.125926
0 0.625 0.128395 0.036111 0.049383
0 0.9875 0.287654 0.025 0.091358
0 0.810417 0.271605 0.043056 0.079012
0 0.590972 0.679012 0.070833 0.118519
