2 0.600694 0.912346 0.115278 0.175309
2 0.658333 0.865432 0.094444 0.17037
3 0.782639 0.517284 0.048611 0.076543
2 0.459722 0.085185 0.044444 0.08642
0 0.204861 0.039506 0.068056 0.074074
0 0.277778 0.140741 0.036111 0.069136
0 0.322222 0.375309 0.069444 0.133333
0 0.345833 0.220988 0.080556 0.145679
0 0.232639 0.544444 0.073611 0.116049
0 0.268056 0.712346 0.083333 0.17037
0 0.061806 0.75679 0.120833 0.279012
2 0.236111 0.85679 0.141667 0.17284
2 0.454861 0.223457 0.076389 0.116049
2 0.456944 0.328395 0.088889 0.074074
