0 0.221528 0.48642 0.051389 0.083951
1 0.952778 0.560494 0.094444 0.138272
1 0.575 0.922222 0.091667 0.155556
1 0.430556 0.680247 0.055556 0.096296
0 0.25625 0.845679 0.081944 0.160494
0 0.313194 0.685185 0.076389 0.111111
0 0.153472 0.68642 0.084722 0.133333
0 0.629861 0.597531 0.068056 0.128395
0 0.815972 0.449383 0.045833 0.103704
0 0.804861 0.260494 0.0625 0.101235
0 0.184722 0.355556 0.083333 0.138272
0 0.693056 0.117284 0.044444 0.091358
0 0.620139 0.132099 0.051389 0.076543
0 0.552778 0.155556 0.047222 0.059259
0 0.527778 0.116049 0.047222 0.064198
0 0.358333 0.069136 0.047222 0.044444
2 0.502778 0.228395 0.063889 0.05679
2 0.431944 0.11358 0.069444 0.069136
0 0.024306 0.28642 0.045833 0.064198
0 0.017361 0.191358 0.031944 0.111111
