0 0.452083 0.155556 0.051389 0.088889
2 0.615972 0.807407 0.073611 0.14321
2 0.263194 0.639506 0.059722 0.162963
2 0.234028 0.525926 0.081944 0.123457
1 0.157639 0.291358 0.068056 0.098765
1 0.361111 0.354321 0.077778 0.135802
2 0.498611 0.62963 0.055556 0.098765
0 0.411111 0.62716 0.077778 0.128395
0 0.805556 0.939506 0.086111 0.120988
0 0.768056 0.340741 0.061111 0.083951
0 0.836111 0.316049 0.066667 0.093827
0 0.808333 0.169136 0.063889 0.091358
0 0.684028 0.180247 0.045833 0.079012
0 0.733333 0.060494 0.044444 0.076543
2 0.353472 0.951852 0.118056 0.096296
