2 0.970833 0.901235 0.058333 0.197531
2 0.889583 0.681481 0.054167 0.17284
1 0.486111 0.42716 0.077778 0.093827
1 0.047917 0.390123 0.093056 0.074074
1 0.168056 0.414815 0.097222 0.128395
1 0.347222 0.540741 0.058333 0.079012
0 0.829167 0.517284 0.072222 0.140741
0 0.499306 0.291358 0.056944 0.098765
0 0.438194 0.048148 0.054167 0.091358
0 0.216667 0.22716 0.072222 0.118519
0 0.133333 0.201235 0.072222 0.096296
0 0.064583 0.290123 0.084722 0.116049
2 0.489583 0.745679 0.059722 0.207407
2 0.46875 0.896296 0.104167 0.207407
