2 0.288889 0.948148 0.063889 0.103704
1 0.553472 0.534568 0.056944 0.091358
1 0.295139 0.644444 0.070833 0.069136
1 0.343056 0.975309 0.063889 0.049383
1 0.395833 0.955556 0.052778 0.088889
1 0.307639 0.569136 0.068056 0.076543
2 0.665278 0.769136 0.108333 0.140741
1 0.611806 0.922222 0.1125 0.155556
1 0.597222 0.398765 0.086111 0.125926
0 0.971528 0.04321 0.056944 0.081481
0 0.168056 0.551852 0.041667 0.071605
0 0.1 0.812346 0.061111 0.098765
0 0.560417 0.62963 0.081944 0.11358
0 0.822222 0.574074 0.108333 0.165432
0 0.942361 0.651852 0.115278 0.158025
