0 0.588889 0.051852 0.033333 0.054321
0 0.146528 0.680247 0.048611 0.076543
0 0.197222 0.651852 0.05 0.069136
0 0.242361 0.828395 0.0625 0.120988
0 0.281944 0.640741 0.05 0.091358
0 0.364583 0.567901 0.051389 0.074074
0 0.455556 0.337037 0.061111 0.116049
0 0.457639 0.477778 0.065278 0.116049
0 0.706944 0.22963 0.125 0.182716
0 0.494444 0.749383 0.080556 0.140741
0 0.479861 0.962963 0.090278 0.074074
1 0.359722 0.860494 0.086111 0.106173
2 0.46875 0.603704 0.026389 0.111111
1 0.868056 0.223457 0.147222 0.204938
1 0.975 0.254321 0.05 0.138272
1 0.9375 0.590123 0.125 0.232099
2 0.884722 0.879012 0.230556 0.241975
