1 0.636806 0.622222 0.056944 0.083951
0 0.710417 0.582716 0.065278 0.103704
0 0.975694 0.646914 0.048611 0.069136
0 0.804861 0.597531 0.059722 0.098765
0 0.765972 0.528395 0.045833 0.083951
0 0.4875 0.220988 0.055556 0.106173
0 0.511806 0.164198 0.040278 0.071605
0 0.502083 0.359259 0.048611 0.101235
0 0.397222 0.258025 0.038889 0.076543
0 0.259028 0.650617 0.056944 0.120988
0 0.253472 0.549383 0.048611 0.106173
0 0.28125 0.433333 0.0625 0.106173
0 0.211111 0.21358 0.047222 0.101235
0 0.1375 0.166667 0.052778 0.091358
0 0.029167 0.14321 0.055556 0.079012
1 0.520139 0.592593 0.048611 0.088889
1 0.653472 0.809877 0.065278 0.123457
1 0.375694 0.777778 0.098611 0.14321
2 0.461111 0.8 0.080556 0.14321
