1 0.527083 0.597531 0.090278 0.14321
1 0.364583 0.798765 0.0625 0.116049
1 0.189583 0.91358 0.068056 0.098765
1 0.118056 0.661728 0.125 0.197531
0 0.579167 0.02716 0.055556 0.049383
0 0.085417 0.364198 0.070833 0.091358
0 0.023611 0.5 0.044444 0.140741
0 0.967361 0.667901 0.065278 0.116049
0 0.6625 0.392593 0.047222 0.079012
0 0.434028 0.566667 0.070833 0.096296
0 0.175 0.38642 0.077778 0.130864
0 0.38125 0.05679 0.068056 0.108642
0 0.453472 0.117284 0.065278 0.125926
0 0.538889 0.417284 0.066667 0.108642
