0 0.154861 0.188889 0.109722 0.160494
0 0.538194 0.017284 0.051389 0.02963
0 0.790278 0.114815 0.072222 0.101235
0 0.799306 0.292593 0.051389 0.111111
0 0.6125 0.445679 0.077778 0.130864
0 0.145139 0.522222 0.095833 0.116049
1 0.100694 0.48642 0.045833 0.098765
0 0.252778 0.67284 0.088889 0.140741
0 0.3 0.52716 0.077778 0.096296
1 0.943056 0.404938 0.113889 0.11358
1 0.563194 0.75679 0.093056 0.175309
1 0.41875 0.530864 0.051389 0.059259
2 0.339583 0.564198 0.093056 0.106173
2 0.3375 0.819753 0.075 0.212346
