3 0.75625 0.906173 0.051389 0.088889
2 0.336111 0.760494 0.091667 0.17284
2 0.425694 0.475309 0.076389 0.101235
2 0.430556 0.525926 0.075 0.098765
2 0.43125 0.641975 0.059722 0.088889
2 0.274306 0.953086 0.084722 0.093827
0 0.19375 0.925926 0.090278 0.128395
0 0.296528 0.732099 0.0625 0.125926
0 0.315972 0.55679 0.084722 0.145679
0 0.325 0.322222 0.055556 0.071605
0 0.249306 0.475309 0.040278 0.066667
0 0.172222 0.369136 0.063889 0.101235
0 0.229861 0.238272 0.054167 0.101235
0 0.163889 0.217284 0.047222 0.079012
2 0.43125 0.349383 0.040278 0.096296
2 0.563889 0.118519 0.055556 0.153086
2 0.641667 0.055556 0.097222 0.106173
2 0.647222 0.218519 0.055556 0.165432
