2 0.470139 0.928395 0.095833 0.14321
0 0.777083 0.353086 0.065278 0.138272
0 0.981944 0.34321 0.036111 0.108642
1 0.981944 0.258025 0.036111 0.081481
1 0.668056 0.185185 0.061111 0.083951
1 0.607639 0.2 0.043056 0.083951
1 0.653472 0.281481 0.048611 0.103704
0 0.74375 0.266667 0.065278 0.11358
0 0.575694 0.130864 0.051389 0.074074
0 0.50625 0.25679 0.065278 0.138272
0 0.047222 0.382716 0.091667 0.162963
0 0.199306 0.816049 0.115278 0.219753
0 0.304167 0.906173 0.108333 0.187654
0 0.579167 0.88642 0.091667 0.202469
0 0.697222 0.848148 0.136111 0.259259
