0 0.873611 0.112346 0.058333 0.091358
2 0.816667 0.195062 0.072222 0.074074
2 0.780556 0.088889 0.061111 0.064198
2 0.306944 0.233333 0.094444 0.091358
0 0.111111 0.282716 0.1 0.160494
0 0.154861 0.503704 0.106944 0.222222
0 0.808333 0.351852 0.1 0.120988
0 0.872222 0.267901 0.088889 0.145679
0 0.971528 0.287654 0.056944 0.175309
0 0.922222 0.528395 0.155556 0.316049
0 0.4875 0.297531 0.066667 0.111111
0 0.625694 0.530864 0.109722 0.237037
1 0.544444 0.518519 0.091667 0.148148
3 0.724306 0.607407 0.0625 0.079012
1 0.695833 0.492593 0.080556 0.116049
