1 0.483333 0.355556 0.069444 0.074074
0 0.566667 0.830864 0.083333 0.234568
1 0.488889 0.806173 0.080556 0.2
1 0.680556 0.77284 0.077778 0.138272
1 0.036111 0.098765 0.069444 0.098765
1 0.110417 0.123457 0.084722 0.098765
0 0.016667 0.220988 0.030556 0.116049
0 0.190278 0.232099 0.083333 0.138272
0 0.146528 0.534568 0.106944 0.204938
0 0.506944 0.485185 0.061111 0.135802
0 0.964583 0.930864 0.070833 0.138272
0 0.86875 0.955556 0.131944 0.088889
0 0.877778 0.72716 0.1 0.150617
0 0.8125 0.730864 0.063889 0.11358
0 0.772222 0.155556 0.044444 0.083951
0 0.759028 0.079012 0.051389 0.083951
0 0.720833 0.167901 0.047222 0.083951
0 0.328472 0.049383 0.040278 0.093827
0 0.978472 0.455556 0.043056 0.111111
