2 0.445833 0.277778 0.05 0.05679
0 0.600694 0.22963 0.029167 0.059259
0 0.565972 0.301235 0.029167 0.059259
0 0.515278 0.266667 0.038889 0.079012
0 0.314583 0.182716 0.0375 0.064198
0 0.311111 0.260494 0.038889 0.066667
0 0.341667 0.22963 0.038889 0.069136
1 0.203472 0.625926 0.070833 0.081481
0 0.886111 0.380247 0.061111 0.059259
0 0.444444 0.393827 0.097222 0.135802
0 0.420833 0.519753 0.102778 0.165432
0 0.479861 0.78642 0.073611 0.165432
2 0.726389 0.375309 0.091667 0.098765
2 0.959722 0.602469 0.080556 0.153086
1 0.370139 0.587654 0.054167 0.093827
0 0.182639 0.519753 0.0625 0.091358
0 0.279167 0.623457 0.083333 0.125926
