0 0.095833 0.092593 0.055556 0.076543
0 0.725694 0.077778 0.043056 0.05679
0 0.718056 0.309877 0.047222 0.091358
0 0.756944 0.222222 0.05 0.069136
0 0.770833 0.295062 0.047222 0.076543
0 0.980556 0.592593 0.038889 0.103704
1 0.502083 0.493827 0.065278 0.079012
1 0.706944 0.918519 0.102778 0.138272
1 0.495833 0.933333 0.094444 0.133333
1 0.045833 0.237037 0.088889 0.098765
1 0.13125 0.262963 0.076389 0.076543
0 0.025694 0.337037 0.048611 0.145679
0 0.339583 0.177778 0.043056 0.103704
0 0.203472 0.364198 0.070833 0.125926
0 0.15 0.695062 0.125 0.185185
0 0.517361 0.633333 0.056944 0.130864
0 0.580556 0.951852 0.097222 0.096296
0 0.832639 0.901235 0.079167 0.128395
0 0.9125 0.924691 0.116667 0.150617
