0 0.5125 0.209877 0.066667 0.108642
0 0.347222 0.071605 0.052778 0.088889
0 0.422917 0.91358 0.090278 0.17284
0 0.215972 0.351852 0.051389 0.101235
0 0.134028 0.375309 0.0625 0.11358
0 0.108333 0.2 0.075 0.098765
1 0.040278 0.071605 0.077778 0.079012
1 0.045833 0.160494 0.075 0.098765
2 0.189583 0.198765 0.073611 0.125926
2 0.228472 0.523457 0.090278 0.11358
2 0.444444 0.737037 0.052778 0.145679
1 0.736806 0.651852 0.090278 0.133333
1 0.577083 0.807407 0.079167 0.17284
2 0.536806 0.930864 0.098611 0.118519
