0 0.075 0.051852 0.091667 0.098765
0 0.188194 0.037037 0.076389 0.069136
2 0.427778 0.759259 0.116667 0.120988
2 0.372917 0.495062 0.118056 0.120988
2 0.127778 0.114815 0.113889 0.120988
2 0.358333 0.269136 0.058333 0.069136
1 0.661806 0.62716 0.056944 0.133333
1 0.611111 0.692593 0.05 0.111111
1 0.677778 0.823457 0.072222 0.160494
1 0.602083 0.82716 0.079167 0.158025
0 0.7125 0.340741 0.044444 0.093827
0 0.624306 0.575309 0.059722 0.103704
0 0.542361 0.508642 0.090278 0.182716
1 0.388889 0.045679 0.055556 0.08642
1 0.652778 0.12716 0.047222 0.116049
