2 0.672222 0.402469 0.055556 0.093827
2 0.902083 0.67284 0.129167 0.150617
0 0.040278 0.114815 0.044444 0.076543
0 0.306944 0.237037 0.038889 0.069136
0 0.311111 0.161728 0.033333 0.061728
0 0.336111 0.208642 0.036111 0.066667
1 0.188889 0.549383 0.063889 0.076543
0 0.172222 0.458025 0.055556 0.081481
0 0.258333 0.561728 0.072222 0.125926
0 0.500694 0.279012 0.031944 0.064198
0 0.545833 0.312346 0.025 0.05679
0 0.8375 0.450617 0.05 0.051852
0 0.830556 0.976543 0.097222 0.046914
0 0.978472 0.962963 0.043056 0.074074
0 0.922222 0.937037 0.086111 0.125926
0 0.435417 0.744444 0.079167 0.160494
0 0.428472 0.388889 0.073611 0.135802
0 0.393056 0.501235 0.088889 0.158025
0 0.586806 0.25679 0.026389 0.054321
