1 0.605556 0.466667 0.047222 0.069136
1 0.435417 0.275309 0.0875 0.130864
1 0.494444 0.618519 0.091667 0.150617
1 0.561806 0.714815 0.076389 0.140741
1 0.097222 0.245679 0.083333 0.125926
0 0.476389 0.048148 0.069444 0.091358
0 0.513889 0.379012 0.075 0.130864
0 0.635417 0.349383 0.056944 0.091358
2 0.615972 0.698765 0.068056 0.148148
2 0.327083 0.361728 0.0875 0.135802
0 0.351389 0.838272 0.136111 0.209877
0 0.503472 0.977778 0.079167 0.044444
0 0.791667 0.964198 0.122222 0.071605
2 0.836806 0.891358 0.059722 0.138272
0 0.915972 0.191358 0.168056 0.195062
