0 0.28125 0.088889 0.031944 0.064198
0 0.065278 0.185185 0.047222 0.088889
0 0.03125 0.290123 0.059722 0.091358
2 0.532639 0.4 0.068056 0.074074
2 0.576389 0.525926 0.077778 0.069136
1 0.347917 0.341975 0.045833 0.081481
1 0.347917 0.219753 0.043056 0.069136
1 0.388889 0.28642 0.047222 0.079012
1 0.75625 0.185185 0.0375 0.069136
1 0.638889 0.349383 0.058333 0.101235
1 0.709722 0.367901 0.038889 0.079012
1 0.731944 0.508642 0.075 0.074074
1 0.783333 0.474074 0.072222 0.088889
1 0.729167 0.428395 0.063889 0.066667
1 0.759028 0.383951 0.068056 0.066667
0 0.748611 0.648148 0.094444 0.111111
1 0.127778 0.953086 0.080556 0.093827
