0 0.113889 0.909877 0.130556 0.180247
0 0.220833 0.474074 0.072222 0.133333
0 0.325694 0.408642 0.048611 0.066667
0 0.159028 0.223457 0.065278 0.096296
0 0.436806 0.206173 0.090278 0.130864
0 0.363889 0.788889 0.108333 0.22963
0 0.222222 0.951852 0.061111 0.096296
2 0.825694 0.17037 0.090278 0.108642
1 0.934722 0.188889 0.105556 0.125926
1 0.140278 0.441975 0.077778 0.103704
2 0.051389 0.551852 0.1 0.106173
1 0.225694 0.679012 0.070833 0.133333
2 0.559028 0.937037 0.106944 0.125926
2 0.45625 0.71358 0.059722 0.197531
2 0.450694 0.917284 0.054167 0.165432
