0 0.556944 0.234568 0.027778 0.059259
0 0.517361 0.301235 0.031944 0.054321
0 0.526389 0.340741 0.038889 0.044444
0 0.251389 0.120988 0.041667 0.054321
0 0.240972 0.209877 0.040278 0.064198
0 0.277778 0.182716 0.044444 0.074074
0 0.841667 0.476543 0.047222 0.069136
0 0.467361 0.267901 0.043056 0.071605
1 0.067361 0.674074 0.106944 0.11358
0 0.054861 0.532099 0.093056 0.145679
0 0.386111 0.433333 0.102778 0.165432
1 0.290972 0.61358 0.070833 0.101235
0 0.404861 0.908642 0.115278 0.182716
0 0.170833 0.679012 0.113889 0.162963
2 0.711806 0.47284 0.068056 0.106173
2 0.932639 0.966667 0.134722 0.066667
2 0.952083 0.777778 0.095833 0.182716
0 0.347222 0.576543 0.113889 0.190123
