1 0.572396 0.815278 0.022396 0.037963
0 0.549609 0.876389 0.029427 0.053704
0 0.471875 0.263889 0.028646 0.042593
0 0.541276 0.324074 0.023698 0.05
0 0.708984 0.284954 0.022656 0.045833
0 0.752734 0.271296 0.026302 0.049074
0 0.738542 0.209028 0.024479 0.052315
0 0.932422 0.757176 0.041406 0.073611
0 0.889062 0.69375 0.030729 0.04213
0 0.789062 0.969213 0.054688 0.061574
0 0.630339 0.894444 0.04349 0.07037
0 0.669531 0.728472 0.036979 0.05787
0 0.267318 0.841898 0.030469 0.060648
0 0.903906 0.13912 0.023958 0.050463
1 0.285417 0.847685 0.022396 0.033333
1 0.743099 0.665509 0.042969 0.055093
1 0.831901 0.817593 0.045052 0.07037
1 0.952214 0.95 0.03724 0.067593
1 0.890234 0.737731 0.047656 0.081944
1 0.517057 0.339583 0.033594 0.055093
0 0.163542 0.340741 0.029687 0.039815
0 0.196224 0.336343 0.026823 0.048611
