0 0.679427 0.537963 0.028646 0.049074
0 0.569271 0.568056 0.040104 0.065741
0 0.547396 0.50463 0.034375 0.044444
0 0.523177 0.594444 0.035937 0.04537
0 0.730078 0.724769 0.047656 0.076389
0 0.608724 0.696065 0.054427 0.069907
0 0.555859 0.696528 0.051302 0.078241
0 0.500781 0.683333 0.033333 0.077778
0 0.49388 0.608333 0.028906 0.066667
0 0.490234 0.850231 0.038802 0.08287
0 0.166927 0.415278 0.032292 0.044444
1 0.635677 0.593519 0.03125 0.039815
1 0.146224 0.908102 0.049219 0.051389
0 0.124219 0.96088 0.067708 0.078241
