0 0.186589 0.886574 0.092448 0.103704
1 0.616276 0.803241 0.04974 0.110185
1 0.596615 0.210648 0.038542 0.055556
1 0.346354 0.431481 0.045312 0.041667
1 0.295052 0.497222 0.042708 0.060185
1 0.408333 0.494907 0.032813 0.055556
1 0.596615 0.210648 0.0375 0.057407
1 0.330729 0.812731 0.068229 0.148611
0 0.40625 0.662037 0.064062 0.089815
0 0.892188 0.61875 0.101562 0.172685
0 0.232682 0.506019 0.05599 0.07037
0 0.295703 0.411574 0.05651 0.055556
0 0.231901 0.092361 0.038281 0.061574
0 0.191797 0.073843 0.036719 0.072685
0 0.168229 0.722685 0.082292 0.113889
0 0.498828 0.406713 0.069531 0.104167
1 0.050391 0.852083 0.078385 0.096759
1 0.057682 0.724537 0.069531 0.114815
