1 0.794444 0.067901 0.066667 0.091358
1 0.973611 0.883951 0.052778 0.128395
1 0.499306 0.577778 0.045833 0.083951
1 0.276389 0.335802 0.052778 0.064198
1 0.2 0.62963 0.063889 0.074074
1 0.094444 0.622222 0.041667 0.049383
0 0.525694 0.72963 0.051389 0.091358
0 0.445139 0.604938 0.054167 0.088889
0 0.35625 0.508642 0.054167 0.093827
0 0.949306 0.059259 0.101389 0.11358
0 0.964583 0.239506 0.070833 0.162963
0 0.649306 0.5 0.070833 0.130864
2 0.703472 0.482716 0.054167 0.130864
2 0.7625 0.401235 0.072222 0.185185
2 0.579861 0.57284 0.073611 0.093827
