2 0.694444 0.579012 0.066667 0.05679
1 0.683333 0.407407 0.044444 0.074074
1 0.623611 0.854321 0.061111 0.074074
1 0.036111 0.975309 0.063889 0.049383
1 0.091667 0.711111 0.047222 0.044444
0 0.345833 0.935802 0.047222 0.069136
0 0.270139 0.869136 0.0375 0.054321
0 0.189583 0.817284 0.0375 0.064198
0 0.420833 0.746914 0.038889 0.071605
0 0.797917 0.224691 0.0375 0.074074
0 0.749306 0.211111 0.034722 0.061728
0 0.7125 0.346914 0.038889 0.071605
0 0.6375 0.455556 0.044444 0.071605
0 0.571528 0.532099 0.043056 0.076543
0 0.553472 0.414815 0.059722 0.093827
0 0.386806 0.308642 0.0375 0.069136
1 0.63125 0.385185 0.0375 0.064198
