0 0.232639 0.248148 0.054167 0.071605
0 0.477083 0.046914 0.0625 0.079012
0 0.723611 0.249383 0.077778 0.158025
0 0.748611 0.608642 0.105556 0.135802
0 0.9 0.541975 0.072222 0.08642
0 0.849306 0.574074 0.026389 0.051852
0 0.381944 0.398765 0.061111 0.05679
0 0.421528 0.087654 0.034722 0.066667
1 0.495833 0.376543 0.080556 0.120988
1 0.470139 0.507407 0.040278 0.081481
1 0.340972 0.954321 0.0375 0.091358
2 0.451389 0.714815 0.094444 0.214815
2 0.625694 0.755556 0.140278 0.083951
3 0.447917 0.617284 0.023611 0.044444
3 0.584722 0.840741 0.025 0.02716
3 0.341667 0.361728 0.019444 0.041975
