2 0.427083 0.738272 0.115278 0.059259
0 0.355556 0.635802 0.05 0.076543
0 0.384028 0.47037 0.031944 0.051852
0 0.355556 0.081481 0.036111 0.049383
0 0.116667 0.645679 0.075 0.08642
0 0.184722 0.511111 0.05 0.074074
0 0.242361 0.403704 0.034722 0.071605
0 0.515972 0.866667 0.065278 0.11358
0 0.828472 0.575309 0.070833 0.118519
0 0.661806 0.160494 0.023611 0.039506
1 0.297917 0.769136 0.093056 0.106173
1 0.385417 0.685185 0.056944 0.071605
1 0.547222 0.212346 0.066667 0.088889
1 0.626389 0.417284 0.036111 0.074074
1 0.170139 0.374074 0.045833 0.05679
1 0.290972 0.279012 0.045833 0.088889
0 0.879167 0.460494 0.05 0.076543
2 0.786806 0.796296 0.0625 0.135802
