0 0.297917 0.548148 0.034722 0.039506
0 0.025 0.759259 0.044444 0.061728
0 0.202778 0.607407 0.047222 0.044444
0 0.404167 0.520988 0.05 0.083951
0 0.622917 0.454321 0.048611 0.069136
0 0.582639 0.576543 0.040278 0.061728
0 0.380556 0.603704 0.047222 0.071605
0 0.451389 0.753086 0.080556 0.14321
0 0.561111 0.823457 0.063889 0.140741
0 0.309028 0.932099 0.118056 0.135802
1 0.64375 0.798765 0.051389 0.076543
1 0.632639 0.907407 0.054167 0.076543
1 0.726389 0.625926 0.058333 0.076543
1 0.825694 0.444444 0.059722 0.064198
1 0.720833 0.493827 0.05 0.069136
2 0.290972 0.62716 0.079167 0.079012
