2 0.7375 0.334568 0.083333 0.145679
1 0.204167 0.544444 0.052778 0.051852
1 0.620833 0.44321 0.044444 0.076543
1 0.515972 0.246914 0.054167 0.083951
1 0.544444 0.924691 0.044444 0.05679
1 0.552778 0.833333 0.047222 0.091358
1 0.425694 0.906173 0.056944 0.074074
0 0.824306 0.719753 0.040278 0.076543
0 0.897917 0.77037 0.045833 0.064198
0 0.665972 0.75679 0.051389 0.08642
0 0.7875 0.890123 0.05 0.096296
0 0.432639 0.598765 0.048611 0.066667
0 0.715278 0.487654 0.044444 0.076543
0 0.682639 0.083951 0.031944 0.059259
0 0.595139 0.276543 0.045833 0.088889
0 0.344444 0.250617 0.05 0.071605
