1 0.543056 0.402469 0.044444 0.064198
1 0.604167 0.474074 0.041667 0.054321
1 0.384028 0.635802 0.048611 0.066667
1 0.339583 0.690123 0.048611 0.061728
0 0.54375 0.283951 0.020833 0.02963
0 0.573611 0.228395 0.016667 0.032099
0 0.979861 0.364198 0.040278 0.08642
0 0.95 0.225926 0.041667 0.066667
0 0.86875 0.838272 0.059722 0.106173
0 0.7625 0.720988 0.05 0.103704
0 0.775 0.592593 0.063889 0.093827
0 0.688889 0.61358 0.044444 0.081481
0 0.627083 0.366667 0.040278 0.066667
0 0.445833 0.909877 0.041667 0.08642
0 0.390972 0.793827 0.026389 0.066667
0 0.424306 0.548148 0.031944 0.054321
0 0.340972 0.544444 0.026389 0.061728
0 0.159722 0.780247 0.041667 0.054321
