0 0.170139 0.641975 0.104167 0.158025
0 0.744444 0.495062 0.088889 0.17037
0 0.875694 0.762963 0.065278 0.11358
0 0.463194 0.146914 0.051389 0.066667
0 0.351389 0.138272 0.030556 0.064198
0 0.399306 0.032099 0.029167 0.049383
1 0.284722 0.325926 0.05 0.069136
1 0.027778 0.504938 0.044444 0.120988
1 0.170139 0.787654 0.090278 0.088889
2 0.438889 0.587654 0.097222 0.17284
2 0.520139 0.258025 0.140278 0.081481
2 0.060417 0.47037 0.093056 0.185185
2 0.164583 0.498765 0.084722 0.123457
1 0.6125 0.311111 0.058333 0.069136
2 0.610417 0.488889 0.051389 0.138272
2 0.820139 0.77284 0.034722 0.192593
