0 0.48125 0.134568 0.029167 0.041975
1 0.804167 0.933333 0.038889 0.074074
2 0.675694 0.440741 0.093056 0.175309
1 0.471528 0.971605 0.051389 0.05679
1 0.222222 0.944444 0.047222 0.081481
1 0.170833 0.897531 0.058333 0.081481
1 0.361806 0.822222 0.043056 0.064198
1 0.554861 0.574074 0.051389 0.091358
1 0.432639 0.332099 0.0625 0.106173
1 0.060417 0.662963 0.068056 0.101235
0 0.595139 0.912346 0.059722 0.111111
0 0.338889 0.737037 0.052778 0.071605
0 0.847917 0.923457 0.051389 0.088889
0 0.613194 0.169136 0.029167 0.051852
0 0.650694 0.622222 0.048611 0.098765
0 0.523611 0.37284 0.055556 0.093827
0 0.236806 0.323457 0.054167 0.079012
