0 0.813889 0.312346 0.025 0.032099
0 0.919444 0.240741 0.019444 0.041975
0 0.901389 0.377778 0.033333 0.049383
0 0.879861 0.322222 0.065278 0.071605
0 0.052083 0.946914 0.043056 0.076543
0 0.231944 0.553086 0.027778 0.039506
0 0.26875 0.590123 0.026389 0.044444
0 0.142361 0.748148 0.029167 0.044444
0 0.273611 0.77037 0.033333 0.049383
0 0.823611 0.688889 0.030556 0.054321
0 0.815278 0.549383 0.030556 0.05679
0 0.697222 0.981481 0.036111 0.037037
0 0.646528 0.983951 0.034722 0.032099
0 0.547917 0.971605 0.043056 0.05679
