2 0.221528 0.692593 0.093056 0.071605
0 0.207639 0.359259 0.040278 0.05679
0 0.154167 0.559259 0.066667 0.101235
0 0.264583 0.865432 0.068056 0.101235
0 0.210417 0.807407 0.065278 0.049383
0 0.595833 0.580247 0.058333 0.118519
0 0.665972 0.453086 0.048611 0.08642
0 0.768056 0.862963 0.080556 0.120988
0 0.022917 0.277778 0.043056 0.066667
0 0.022222 0.703704 0.038889 0.064198
0 0.490972 0.090123 0.026389 0.046914
1 0.032639 0.780247 0.0625 0.088889
1 0.104167 0.6 0.044444 0.069136
1 0.179861 0.622222 0.0625 0.074074
1 0.088889 0.139506 0.047222 0.061728
1 0.365278 0.112346 0.075 0.101235
1 0.790278 0.364198 0.055556 0.066667
1 0.919444 0.467901 0.088889 0.081481
1 0.65 0.564198 0.05 0.08642
1 0.84375 0.220988 0.051389 0.05679
1 0.441667 0.365432 0.044444 0.069136
2 0.5375 0.785185 0.058333 0.153086
2 0.948611 0.444444 0.1 0.148148
2 0.882639 0.885185 0.081944 0.195062
