2 0.110417 0.733333 0.143056 0.167901
0 0.515278 0.482716 0.030556 0.051852
1 0.636111 0.708642 0.047222 0.049383
1 0.494444 0.777778 0.052778 0.064198
1 0.444444 0.74321 0.055556 0.079012
1 0.277778 0.765432 0.05 0.074074
1 0.226389 0.58642 0.069444 0.111111
1 0.210417 0.338272 0.131944 0.177778
0 0.334028 0.880247 0.070833 0.135802
0 0.395139 0.630864 0.059722 0.135802
0 0.373611 0.407407 0.05 0.088889
0 0.427083 0.328395 0.0625 0.093827
0 0.184028 0.023457 0.056944 0.037037
0 0.122917 0.103704 0.059722 0.074074
