2 0.638194 0.655556 0.070833 0.066667
2 0.695833 0.201235 0.063889 0.125926
0 0.888889 0.292593 0.072222 0.116049
0 0.461111 0.265432 0.041667 0.106173
0 0.247917 0.939506 0.045833 0.120988
0 0.468056 0.949383 0.088889 0.101235
0 0.582639 0.822222 0.076389 0.153086
0 0.119444 0.776543 0.091667 0.145679
0 0.043056 0.04321 0.083333 0.081481
1 0.210417 0.896296 0.048611 0.093827
1 0.495139 0.780247 0.090278 0.162963
1 0.727778 0.683951 0.066667 0.108642
1 0.570139 0.485185 0.054167 0.05679
1 0.507639 0.467901 0.054167 0.066667
1 0.414583 0.624691 0.051389 0.059259
1 0.241667 0.628395 0.052778 0.081481
