0 0.032639 0.519753 0.0625 0.135802
1 0.954167 0.639506 0.091667 0.138272
2 0.620139 0.612346 0.1375 0.187654
1 0.941667 0.303704 0.113889 0.17284
1 0.877778 0.2 0.094444 0.128395
1 0.750694 0.755556 0.098611 0.148148
1 0.611806 0.906173 0.129167 0.187654
1 0.463889 0.439506 0.1 0.207407
1 0.709722 0.325926 0.094444 0.123457
1 0.672222 0.203704 0.105556 0.160494
0 0.960417 0.450617 0.079167 0.224691
0 0.445139 0.822222 0.090278 0.177778
0 0.346528 0.401235 0.065278 0.140741
0 0.270139 0.544444 0.095833 0.135802
0 0.233333 0.361728 0.083333 0.130864
0 0.131944 0.341975 0.077778 0.111111
0 0.546528 0.383951 0.056944 0.106173
0 0.380556 0.191358 0.091667 0.180247
0 0.26875 0.198765 0.090278 0.150617
0 0.104167 0.176543 0.1 0.130864
