0 0.536806 0.137037 0.056944 0.106173
0 0.221528 0.259259 0.065278 0.098765
0 0.208333 0.940741 0.094444 0.118519
0 0.571528 0.817284 0.068056 0.14321
0 0.639583 0.683951 0.095833 0.197531
0 0.54375 0.535802 0.059722 0.123457
0 0.605556 0.271605 0.086111 0.17284
0 0.43125 0.35679 0.084722 0.140741
0 0.4 0.083951 0.066667 0.133333
0 0.135417 0.716049 0.079167 0.103704
0 0.963889 0.101235 0.072222 0.192593
0 0.666667 0.059259 0.069444 0.11358
0 0.471528 0.209877 0.070833 0.133333
0 0.190278 0.606173 0.113889 0.125926
2 0.486111 0.679012 0.102778 0.192593
2 0.370833 0.551852 0.052778 0.116049
1 0.651389 0.480247 0.094444 0.145679
1 0.853472 0.259259 0.090278 0.153086
1 0.45625 0.802469 0.070833 0.14321
3 0.434722 0.565432 0.038889 0.059259
3 0.504861 0.395062 0.020833 0.054321
