0 0.040972 0.901235 0.073611 0.197531
0 0.960417 0.544444 0.079167 0.155556
0 0.505556 0.150617 0.072222 0.11358
0 0.397917 0.112346 0.079167 0.135802
2 0.491667 0.682716 0.158333 0.130864
1 0.632639 0.739506 0.120833 0.2
1 0.24375 0.492593 0.081944 0.116049
1 0.192361 0.661728 0.118056 0.153086
0 0.352083 0.730864 0.098611 0.162963
0 0.738194 0.635802 0.081944 0.150617
0 0.65625 0.45679 0.081944 0.138272
0 0.489583 0.269136 0.065278 0.118519
0 0.304167 0.303704 0.072222 0.11358
2 0.432639 0.434568 0.0625 0.17284
