2 0.95 0.780247 0.1 0.128395
2 0.467361 0.474074 0.093056 0.128395
2 0.377083 0.428395 0.040278 0.120988
2 0.668056 0.523457 0.102778 0.246914
2 0.523611 0.812346 0.172222 0.103704
1 0.454167 0.944444 0.1 0.111111
0 0.252083 0.269136 0.051389 0.093827
0 0.283333 0.722222 0.075 0.140741
0 0.243056 0.511111 0.091667 0.11358
0 0.410417 0.27284 0.070833 0.096296
0 0.432639 0.161728 0.045833 0.08642
0 0.548611 0.506173 0.052778 0.133333
0 0.506944 0.339506 0.047222 0.096296
0 0.570833 0.312346 0.072222 0.140741
0 0.530556 0.124691 0.069444 0.116049
0 0.438889 0.041975 0.036111 0.059259
0 0.375694 0.091358 0.051389 0.088889
