1 0.225 0.479012 0.147222 0.158025
0 0.548611 0.102469 0.069444 0.096296
0 0.664583 0.161728 0.073611 0.125926
0 0.828472 0.144444 0.070833 0.106173
0 0.527778 0.460494 0.088889 0.140741
0 0.693056 0.804938 0.080556 0.17284
0 0.894444 0.341975 0.075 0.116049
0 0.895139 0.475309 0.068056 0.096296
0 0.874306 0.608642 0.059722 0.111111
0 0.826389 0.616049 0.063889 0.106173
0 0.781944 0.690123 0.088889 0.116049
0 0.813194 0.819753 0.065278 0.158025
0 0.863889 0.792593 0.052778 0.118519
2 0.163194 0.246914 0.093056 0.11358
2 0.709028 0.596296 0.0875 0.274074
