2 0.876389 0.17284 0.133333 0.14321
1 0.7 0.509877 0.105556 0.17037
1 0.7375 0.220988 0.1 0.180247
1 0.718056 0.055556 0.094444 0.106173
1 0.625 0.250617 0.083333 0.17037
1 0.522917 0.188889 0.104167 0.185185
0 0.274306 0.959259 0.118056 0.081481
0 0.074306 0.914815 0.145833 0.17037
0 0.318056 0.77037 0.127778 0.192593
0 0.475694 0.702469 0.093056 0.160494
0 0.815278 0.77037 0.086111 0.153086
0 0.725 0.834568 0.077778 0.14321
0 0.746528 0.635802 0.076389 0.130864
0 0.569444 0.551852 0.091667 0.195062
0 0.477778 0.464198 0.083333 0.158025
0 0.379861 0.559259 0.104167 0.175309
0 0.231944 0.581481 0.105556 0.175309
0 0.790972 0.374074 0.101389 0.116049
0 0.516667 0.037037 0.055556 0.069136
0 0.254167 0.140741 0.094444 0.108642
0 0.034722 0.25679 0.063889 0.158025
