2 0.788194 0.409877 0.159722 0.123457
2 0.7375 0.287654 0.155556 0.081481
0 0.821528 0.083951 0.076389 0.162963
0 0.745139 0.17037 0.098611 0.167901
0 0.347917 0.303704 0.1125 0.158025
0 0.404167 0.440741 0.105556 0.125926
0 0.279167 0.238272 0.072222 0.135802
0 0.571528 0.953086 0.104167 0.093827
0 0.411111 0.614815 0.130556 0.266667
0 0.557639 0.532099 0.081944 0.145679
0 0.611806 0.714815 0.118056 0.214815
0 0.332639 0.920988 0.129167 0.158025
0 0.252083 0.480247 0.084722 0.106173
0 0.185417 0.661728 0.145833 0.222222
0 0.468056 0.240741 0.088889 0.140741
0 0.377778 0.149383 0.080556 0.130864
0 0.270139 0.07284 0.073611 0.135802
0 0.183333 0.176543 0.091667 0.140741
0 0.105556 0.396296 0.111111 0.130864
