3 0.978472 0.034568 0.043056 0.054321
0 0.683333 0.07284 0.083333 0.135802
2 0.653472 0.196296 0.120833 0.130864
1 0.33125 0.719753 0.143056 0.219753
1 0.470139 0.738272 0.098611 0.162963
1 0.594444 0.622222 0.108333 0.217284
1 0.565972 0.423457 0.101389 0.165432
1 0.350694 0.220988 0.134722 0.185185
0 0.954861 0.351852 0.090278 0.135802
0 0.88125 0.448148 0.093056 0.116049
0 0.671528 0.801235 0.104167 0.150617
0 0.520833 0.17284 0.097222 0.153086
0 0.470139 0.350617 0.081944 0.14321
0 0.308333 0.509877 0.105556 0.150617
0 0.036806 0.054321 0.068056 0.103704
