2 0.940278 0.135802 0.119444 0.123457
2 0.913194 0.228395 0.070833 0.150617
2 0.477083 0.509877 0.0875 0.081481
2 0.433333 0.408642 0.1 0.076543
2 0.576389 0.296296 0.088889 0.103704
2 0.533333 0.12716 0.055556 0.180247
2 0.272917 0.330864 0.101389 0.069136
1 0.853472 0.824691 0.1375 0.22716
1 0.220833 0.914815 0.108333 0.155556
1 0.13125 0.867901 0.068056 0.120988
0 0.724306 0.774074 0.093056 0.17037
0 0.638194 0.809877 0.084722 0.14321
0 0.747222 0.616049 0.072222 0.120988
0 0.641667 0.592593 0.061111 0.128395
0 0.4625 0.844444 0.083333 0.138272
0 0.440278 0.618519 0.058333 0.091358
0 0.340278 0.528395 0.069444 0.11358
0 0.309722 0.25679 0.080556 0.11358
0 0.340278 0.128395 0.055556 0.079012
0 0.069444 0.339506 0.069444 0.091358
