0 0.175694 0.441975 0.129167 0.187654
0 0.5125 0.414815 0.088889 0.162963
0 0.676389 0.487654 0.086111 0.135802
0 0.510417 0.633333 0.101389 0.17037
0 0.456944 0.84321 0.105556 0.175309
0 0.927778 0.896296 0.108333 0.148148
0 0.696528 0.246914 0.0875 0.14321
0 0.513889 0.045679 0.069444 0.08642
0 0.772917 0.17037 0.076389 0.093827
0 0.823611 0.275309 0.061111 0.120988
0 0.88125 0.25679 0.054167 0.123457
0 0.81875 0.125926 0.051389 0.079012
1 0.323611 0.703704 0.144444 0.232099
1 0.563889 0.902469 0.113889 0.195062
1 0.586806 0.402469 0.059722 0.108642
1 0.309028 0.125926 0.0875 0.098765
2 0.638889 0.634568 0.175 0.123457
1 0.853472 0.779012 0.070833 0.091358
