1 0.842361 0.081481 0.106944 0.158025
1 0.731944 0.087654 0.105556 0.135802
1 0.665278 0.217284 0.111111 0.187654
1 0.597917 0.41358 0.134722 0.269136
2 0.956944 0.219753 0.086111 0.316049
2 0.711806 0.845679 0.134722 0.274074
2 0.560417 0.775309 0.176389 0.182716
2 0.334028 0.418519 0.070833 0.254321
0 0.252083 0.958025 0.106944 0.083951
0 0.398611 0.911111 0.116667 0.177778
0 0.536111 0.932099 0.091667 0.135802
0 0.655556 0.692593 0.130556 0.17037
0 0.882639 0.609877 0.129167 0.207407
0 0.704861 0.507407 0.095833 0.160494
0 0.476389 0.34321 0.105556 0.182716
0 0.492361 0.6 0.084722 0.148148
0 0.294444 0.660494 0.152778 0.224691
0 0.220139 0.492593 0.115278 0.17037
0 0.081944 0.676543 0.127778 0.222222
