1 0.85625 0.361728 0.056944 0.08642
1 0.609722 0.604938 0.083333 0.11358
0 0.175 0.3 0.041667 0.081481
0 0.260417 0.380247 0.051389 0.093827
0 0.226389 0.292593 0.055556 0.091358
0 0.254167 0.069136 0.069444 0.123457
0 0.981944 0.239506 0.036111 0.079012
0 0.972917 0.154321 0.054167 0.081481
0 0.940972 0.064198 0.070833 0.083951
0 0.874306 0.162963 0.059722 0.088889
0 0.802778 0.18642 0.061111 0.091358
0 0.711806 0.118519 0.045833 0.064198
0 0.684722 0.235802 0.041667 0.061728
0 0.63125 0.212346 0.051389 0.083951
0 0.582639 0.207407 0.048611 0.083951
0 0.619444 0.328395 0.063889 0.093827
0 0.504861 0.367901 0.051389 0.103704
0 0.409028 0.458025 0.051389 0.076543
0 0.321528 0.581481 0.054167 0.081481
0 0.398611 0.587654 0.047222 0.088889
0 0.709722 0.774074 0.091667 0.145679
0 0.528472 0.664198 0.070833 0.123457
0 0.3 0.830864 0.097222 0.150617
