1 0.885417 0.62716 0.093056 0.108642
0 0.132639 0.359259 0.070833 0.106173
0 0.518056 0.182716 0.047222 0.064198
0 0.034722 0.728395 0.063889 0.088889
0 0.13125 0.95679 0.081944 0.08642
0 0.820833 0.939506 0.141667 0.120988
0 0.792361 0.61358 0.079167 0.116049
0 0.949306 0.3 0.054167 0.081481
0 0.881944 0.282716 0.072222 0.076543
0 0.911806 0.392593 0.079167 0.083951
0 0.776389 0.387654 0.061111 0.088889
0 0.6625 0.435802 0.052778 0.061728
0 0.661111 0.502469 0.038889 0.061728
0 0.577083 0.48642 0.051389 0.064198
0 0.563194 0.624691 0.093056 0.118519
0 0.428472 0.797531 0.084722 0.11358
0 0.248611 0.748148 0.080556 0.088889
