0 0.334722 0.377778 0.083333 0.088889
0 0.346528 0.487654 0.043056 0.071605
0 0.54375 0.287654 0.065278 0.120988
0 0.5125 0.45679 0.047222 0.098765
0 0.097917 0.759259 0.051389 0.091358
0 0.201389 0.830864 0.080556 0.111111
0 0.330556 0.790123 0.061111 0.093827
0 0.418056 0.824691 0.058333 0.103704
0 0.481944 0.737037 0.080556 0.101235
0 0.5125 0.87284 0.088889 0.135802
0 0.653472 0.819753 0.0875 0.088889
0 0.670833 0.920988 0.111111 0.14321
1 0.675694 0.622222 0.093056 0.17284
1 0.918056 0.735802 0.163889 0.207407
1 0.420139 0.539506 0.0625 0.106173
3 0.550694 0.430864 0.043056 0.125926
3 0.604167 0.403704 0.066667 0.135802
2 0.600694 0.067901 0.098611 0.111111
