2 0.519444 0.444444 0.033333 0.162963
1 0.599306 0.644444 0.0625 0.079012
1 0.48125 0.798765 0.115278 0.145679
2 0.834028 0.250617 0.118056 0.096296
2 0.665278 0.679012 0.108333 0.158025
0 0.706944 0.244444 0.055556 0.069136
0 0.705556 0.392593 0.069444 0.083951
0 0.649306 0.385185 0.051389 0.069136
0 0.614583 0.441975 0.045833 0.079012
0 0.616667 0.524691 0.066667 0.096296
0 0.720139 0.507407 0.073611 0.101235
0 0.7 0.624691 0.069444 0.11358
0 0.709028 0.828395 0.079167 0.130864
0 0.526389 0.946914 0.072222 0.106173
0 0.413194 0.941975 0.090278 0.116049
0 0.561111 0.41358 0.05 0.091358
0 0.4625 0.411111 0.055556 0.091358
0 0.502083 0.628395 0.0625 0.106173
0 0.4125 0.662963 0.069444 0.111111
0 0.270833 0.583951 0.086111 0.130864
0 0.445833 0.290123 0.063889 0.106173
0 0.265278 0.350617 0.061111 0.088889
