3 0.620833 0.174074 0.077778 0.111111
2 0.232639 0.271605 0.084722 0.133333
0 0.01875 0.396296 0.029167 0.145679
0 0.102083 0.348148 0.070833 0.123457
0 0.322222 0.623457 0.105556 0.165432
0 0.165972 0.177778 0.084722 0.123457
0 0.209028 0.054321 0.079167 0.098765
0 0.325 0.066667 0.086111 0.128395
0 0.040278 0.171605 0.052778 0.101235
1 0.111806 0.071605 0.095833 0.133333
2 0.270833 0.864198 0.108333 0.202469
2 0.676389 0.745679 0.072222 0.316049
3 0.561806 0.779012 0.090278 0.155556
2 0.850694 0.432099 0.068056 0.232099
