1 0.488889 0.397531 0.038889 0.064198
1 0.097222 0.534568 0.091667 0.120988
1 0.145139 0.883951 0.109722 0.148148
1 0.382639 0.912346 0.104167 0.165432
2 0.45 0.519753 0.041667 0.17037
2 0.585417 0.741975 0.090278 0.130864
2 0.770833 0.308642 0.105556 0.083951
0 0.551389 0.603704 0.072222 0.111111
0 0.545833 0.504938 0.047222 0.066667
0 0.586806 0.437037 0.048611 0.083951
0 0.64375 0.283951 0.056944 0.093827
0 0.647222 0.454321 0.061111 0.093827
0 0.661806 0.57284 0.076389 0.108642
0 0.6375 0.703704 0.072222 0.133333
0 0.648611 0.935802 0.083333 0.128395
0 0.490278 0.471605 0.055556 0.098765
0 0.425694 0.724691 0.0625 0.111111
0 0.330556 0.77037 0.075 0.138272
0 0.161111 0.682716 0.091667 0.145679
0 0.384722 0.466667 0.063889 0.108642
0 0.375694 0.295062 0.048611 0.051852
0 0.361806 0.354321 0.056944 0.076543
0 0.15625 0.414815 0.068056 0.128395
