0 0.413194 0.696296 0.0625 0.103704
0 0.53125 0.81358 0.079167 0.135802
0 0.494444 0.574074 0.055556 0.08642
0 0.595139 0.659259 0.059722 0.133333
0 0.743056 0.669136 0.066667 0.14321
0 0.682639 0.496296 0.0625 0.108642
0 0.60625 0.346914 0.070833 0.140741
0 0.798611 0.422222 0.069444 0.128395
0 0.880556 0.85679 0.111111 0.197531
0 0.975694 0.737037 0.048611 0.145679
0 0.525694 0.079012 0.048611 0.074074
0 0.627778 0.132099 0.047222 0.061728
0 0.759028 0.206173 0.054167 0.091358
0 0.934028 0.191358 0.068056 0.125926
0 0.70625 0.046914 0.090278 0.088889
0 0.805556 0.128395 0.058333 0.088889
1 0.955556 0.401235 0.047222 0.071605
1 0.675 0.791358 0.111111 0.165432
