3 0.5625 0.798765 0.091667 0.140741
0 0.540972 0.145679 0.056944 0.093827
0 0.742361 0.158025 0.068056 0.098765
0 0.851389 0.185185 0.063889 0.118519
0 0.826389 0.307407 0.083333 0.135802
0 0.938194 0.358025 0.084722 0.133333
0 0.982639 0.507407 0.034722 0.130864
0 0.751389 0.653086 0.069444 0.106173
0 0.6 0.47284 0.083333 0.145679
0 0.48125 0.491358 0.098611 0.138272
0 0.361111 0.444444 0.069444 0.103704
0 0.270833 0.404938 0.077778 0.123457
0 0.038194 0.464198 0.073611 0.153086
1 0.126389 0.228395 0.080556 0.120988
1 0.383333 0.061728 0.055556 0.093827
1 0.511806 0.046914 0.048611 0.079012
