1 0.63125 0.132099 0.093056 0.130864
1 0.565278 0.074074 0.069444 0.123457
2 0.531944 0.720988 0.2 0.246914
3 0.079167 0.207407 0.069444 0.103704
0 0.936806 0.049383 0.126389 0.093827
0 0.719444 0.039506 0.080556 0.074074
0 0.476389 0.17037 0.069444 0.11358
0 0.359722 0.176543 0.069444 0.111111
0 0.157639 0.4 0.068056 0.118519
0 0.183333 0.264198 0.072222 0.108642
0 0.469444 0.333333 0.063889 0.108642
0 0.529167 0.365432 0.069444 0.133333
0 0.627083 0.350617 0.084722 0.153086
0 0.961111 0.585185 0.077778 0.241975
0 0.854167 0.353086 0.136111 0.222222
0 0.711806 0.517284 0.0875 0.175309
0 0.686111 0.764198 0.083333 0.175309
0 0.436806 0.655556 0.073611 0.145679
0 0.273611 0.7 0.075 0.135802
