1 0.524306 0.301235 0.081944 0.162963
0 0.043056 0.390123 0.077778 0.153086
0 0.333333 0.248148 0.077778 0.125926
0 0.361806 0.438272 0.090278 0.155556
0 0.061806 0.839506 0.118056 0.217284
0 0.289583 0.911111 0.109722 0.177778
0 0.422917 0.823457 0.0875 0.145679
0 0.518056 0.432099 0.088889 0.148148
0 0.595139 0.614815 0.090278 0.148148
0 0.743056 0.585185 0.094444 0.14321
0 0.705556 0.783951 0.091667 0.17037
0 0.59375 0.466667 0.068056 0.133333
0 0.650694 0.333333 0.068056 0.108642
0 0.728472 0.379012 0.081944 0.120988
0 0.741667 0.093827 0.080556 0.133333
0 0.314583 0.158025 0.059722 0.059259
0 0.361806 0.134568 0.051389 0.096296
0 0.415972 0.160494 0.073611 0.059259
2 0.458333 0.509877 0.063889 0.264198
2 0.603472 0.801235 0.156944 0.249383
2 0.915278 0.196296 0.136111 0.096296
