0 0.669444 0.655556 0.111111 0.204938
0 0.504861 0.202469 0.068056 0.118519
0 0.258333 0.350617 0.086111 0.11358
0 0.455556 0.525926 0.075 0.098765
0 0.373611 0.614815 0.083333 0.14321
0 0.488194 0.787654 0.081944 0.162963
0 0.3875 0.908642 0.094444 0.167901
0 0.245833 0.950617 0.075 0.098765
0 0.778472 0.833333 0.106944 0.175309
0 0.847917 0.537037 0.101389 0.155556
1 0.401389 0.106173 0.063889 0.153086
1 0.713194 0.364198 0.093056 0.2
1 0.696528 0.077778 0.068056 0.135802
1 0.879167 0.201235 0.152778 0.185185
1 0.904861 0.08642 0.123611 0.133333
1 0.807639 0.05679 0.126389 0.108642
1 0.738889 0.508642 0.091667 0.108642
1 0.790972 0.411111 0.093056 0.125926
2 0.408333 0.414815 0.044444 0.177778
1 0.566667 0.819753 0.066667 0.148148
1 0.545139 0.677778 0.059722 0.106173
