0 0.771528 0.053086 0.076389 0.101235
0 0.079167 0.334568 0.130556 0.195062
0 0.347222 0.611111 0.130556 0.209877
0 0.570139 0.445679 0.090278 0.155556
0 0.704861 0.416049 0.104167 0.190123
0 0.844444 0.345679 0.088889 0.153086
0 0.961806 0.422222 0.076389 0.162963
0 0.9125 0.881481 0.119444 0.192593
0 0.058333 0.881481 0.111111 0.237037
1 0.704861 0.6 0.0875 0.138272
1 0.8125 0.569136 0.097222 0.180247
1 0.9125 0.55679 0.122222 0.160494
2 0.509028 0.693827 0.165278 0.182716
2 0.74375 0.724691 0.1875 0.135802
2 0.734028 0.291358 0.120833 0.281481
1 0.879167 0.14321 0.116667 0.138272
