1 0.765972 0.066667 0.081944 0.128395
0 0.128472 0.14321 0.148611 0.202469
0 0.770139 0.449383 0.159722 0.330864
0 0.027778 0.164198 0.052778 0.17037
0 0.141667 0.401235 0.133333 0.175309
0 0.034722 0.311111 0.055556 0.088889
0 0.313194 0.580247 0.1875 0.222222
0 0.324306 0.911111 0.093056 0.14321
0 0.556944 0.803704 0.208333 0.175309
1 0.563889 0.595062 0.305556 0.449383
1 0.120833 0.680247 0.075 0.135802
1 0.244444 0.767901 0.052778 0.11358
2 0.150694 0.92716 0.054167 0.145679
0 0.059028 0.948148 0.084722 0.103704
0 0.719444 0.945679 0.091667 0.108642
