0 0.225694 0.487654 0.076389 0.120988
0 0.374306 0.624691 0.084722 0.148148
0 0.498611 0.823457 0.080556 0.165432
0 0.170833 0.725926 0.069444 0.118519
0 0.047222 0.812346 0.088889 0.17284
0 0.082639 0.955556 0.101389 0.088889
0 0.245139 0.867901 0.090278 0.17037
0 0.209722 0.220988 0.072222 0.130864
0 0.302778 0.153086 0.063889 0.103704
0 0.209028 0.083951 0.068056 0.103704
0 0.304167 0.037037 0.052778 0.064198
0 0.446528 0.055556 0.051389 0.101235
1 0.16875 0.334568 0.068056 0.116049
1 0.281944 0.330864 0.058333 0.079012
1 0.471528 0.382716 0.045833 0.083951
1 0.399306 0.069136 0.043056 0.069136
1 0.285417 0.618519 0.068056 0.120988
2 0.65625 0.674074 0.154167 0.192593
3 0.46875 0.68642 0.029167 0.059259
