0 0.959028 0.058025 0.081944 0.101235
3 0.836806 0.101235 0.051389 0.083951
1 0.707639 0.071605 0.095833 0.138272
0 0.250694 0.296296 0.056944 0.108642
0 0.029167 0.538272 0.055556 0.138272
0 0.372917 0.497531 0.068056 0.165432
0 0.6125 0.767901 0.102778 0.162963
0 0.702778 0.551852 0.097222 0.17037
0 0.801389 0.712346 0.119444 0.190123
0 0.5875 0.962963 0.116667 0.074074
0 0.388889 0.204938 0.080556 0.148148
1 0.654167 0.255556 0.094444 0.195062
1 0.538194 0.34321 0.0625 0.118519
0 0.16875 0.7 0.154167 0.175309
