0 0.393056 0.218519 0.058333 0.08642
0 0.365972 0.490123 0.065278 0.106173
0 0.373611 0.633333 0.058333 0.111111
0 0.472222 0.366667 0.066667 0.101235
0 0.4875 0.490123 0.083333 0.125926
0 0.478472 0.638272 0.073611 0.120988
0 0.634722 0.228395 0.063889 0.111111
0 0.889583 0.244444 0.073611 0.133333
0 0.813194 0.364198 0.076389 0.116049
0 0.961806 0.318519 0.076389 0.14321
0 0.945833 0.539506 0.108333 0.160494
0 0.8 0.565432 0.102778 0.162963
0 0.789583 0.946914 0.101389 0.106173
0 0.529861 0.946914 0.056944 0.091358
1 0.365278 0.853086 0.091667 0.130864
1 0.5375 0.816049 0.05 0.091358
1 0.734722 0.67284 0.077778 0.145679
1 0.886806 0.798765 0.076389 0.140741
1 0.734722 0.455556 0.066667 0.106173
2 0.40625 0.71358 0.095833 0.069136
0 0.199306 0.541975 0.095833 0.116049
1 0.381944 0.350617 0.055556 0.093827
2 0.625 0.353086 0.063889 0.079012
