0 0.054167 0.069136 0.105556 0.133333
0 0.594444 0.197531 0.111111 0.202469
0 0.709028 0.317284 0.090278 0.190123
0 0.805556 0.319753 0.088889 0.150617
0 0.283333 0.71358 0.105556 0.202469
0 0.33125 0.938272 0.106944 0.123457
0 0.475694 0.934568 0.104167 0.130864
1 0.102083 0.358025 0.173611 0.202469
1 0.467361 0.569136 0.151389 0.254321
1 0.555556 0.788889 0.083333 0.155556
1 0.727778 0.595062 0.055556 0.093827
2 0.684028 0.545679 0.056944 0.251852
1 0.886806 0.192593 0.059722 0.11358
1 0.113889 0.591358 0.122222 0.190123
1 0.880556 0.35679 0.05 0.106173
