0 0.043056 0.492593 0.080556 0.116049
0 0.163194 0.666667 0.101389 0.123457
0 0.271528 0.695062 0.109722 0.165432
0 0.394444 0.61358 0.075 0.101235
0 0.479167 0.714815 0.097222 0.145679
0 0.602778 0.764198 0.102778 0.155556
0 0.756944 0.853086 0.111111 0.165432
0 0.574306 0.945679 0.068056 0.108642
0 0.353472 0.869136 0.098611 0.153086
0 0.181944 0.901235 0.130556 0.182716
0 0.05 0.907407 0.097222 0.17037
1 0.473611 0.416049 0.091667 0.120988
1 0.559722 0.567901 0.15 0.14321
1 0.390972 0.130864 0.051389 0.088889
2 0.6875 0.561728 0.116667 0.101235
2 0.909722 0.306173 0.122222 0.232099
2 0.632639 0.217284 0.123611 0.108642
3 0.583333 0.655556 0.047222 0.041975
