1 0.198958 0.700694 0.061979 0.077315
0 0.754036 0.762037 0.074219 0.137037
0 0.70599 0.40162 0.042188 0.084722
0 0.632812 0.299306 0.033333 0.056944
0 0.616016 0.41088 0.036719 0.083796
0 0.567318 0.596065 0.036198 0.068981
0 0.501953 0.534259 0.033594 0.066667
0 0.423307 0.189352 0.02474 0.032407
0 0.376302 0.196528 0.024479 0.030093
0 0.289844 0.264352 0.022917 0.042593
0 0.512891 0.351157 0.032031 0.041204
0 0.110807 0.944907 0.100781 0.102778
0 0.028385 0.754861 0.053125 0.100463
0 0.063672 0.500926 0.051823 0.062963
