0 0.235417 0.388889 0.059722 0.106173
0 0.522222 0.458025 0.058333 0.091358
0 0.604861 0.095062 0.056944 0.096296
0 0.615278 0.290123 0.055556 0.08642
0 0.886806 0.341975 0.0375 0.05679
0 0.91875 0.625926 0.051389 0.101235
1 0.288194 0.919753 0.073611 0.096296
1 0.333333 0.72963 0.05 0.071605
1 0.490972 0.81358 0.059722 0.066667
1 0.506944 0.885185 0.055556 0.076543
1 0.541667 0.937037 0.047222 0.081481
1 0.705556 0.545679 0.058333 0.083951
1 0.805556 0.52963 0.044444 0.061728
1 0.449306 0.04321 0.048611 0.05679
1 0.159028 0.458025 0.0625 0.08642
