0 0.084722 0.322222 0.066667 0.111111
0 0.126389 0.250617 0.044444 0.081481
0 0.222917 0.277778 0.056944 0.111111
0 0.386111 0.885185 0.077778 0.111111
0 0.636806 0.908642 0.079167 0.162963
0 0.642361 0.660494 0.043056 0.116049
0 0.640278 0.533333 0.044444 0.103704
0 0.586806 0.153086 0.051389 0.103704
0 0.671528 0.17284 0.043056 0.079012
0 0.713889 0.308642 0.044444 0.098765
0 0.95625 0.314815 0.045833 0.081481
2 0.305556 0.941975 0.119444 0.116049
2 0.958333 0.669136 0.077778 0.128395
2 0.561111 0.725926 0.044444 0.108642
2 0.875694 0.525926 0.076389 0.11358
1 0.84375 0.81358 0.0625 0.096296
1 0.976389 0.862963 0.047222 0.101235
