1 0.443056 0.666667 0.044444 0.044444
0 0.404167 0.622222 0.044444 0.064198
0 0.375 0.654321 0.047222 0.083951
0 0.411111 0.750617 0.061111 0.11358
0 0.311111 0.971605 0.066667 0.05679
0 0.415278 0.959259 0.058333 0.081481
0 0.267361 0.75679 0.056944 0.08642
0 0.115972 0.738272 0.070833 0.103704
0 0.206944 0.679012 0.05 0.064198
0 0.405556 0.541975 0.036111 0.061728
0 0.372222 0.430864 0.030556 0.051852
0 0.309028 0.558025 0.054167 0.103704
0 0.236806 0.298765 0.018056 0.034568
0 0.192361 0.322222 0.043056 0.05679
0 0.103472 0.212346 0.029167 0.049383
