0 0.283333 0.292593 0.097222 0.135802
0 0.075 0.807407 0.088889 0.123457
0 0.1625 0.085185 0.091667 0.125926
0 0.689583 0.076543 0.090278 0.14321
0 0.372222 0.287654 0.080556 0.145679
0 0.423611 0.198765 0.080556 0.096296
0 0.451389 0.287654 0.083333 0.125926
0 0.497222 0.202469 0.083333 0.128395
0 0.54375 0.307407 0.076389 0.125926
0 0.649306 0.290123 0.106944 0.130864
0 0.419444 0.646914 0.063889 0.17284
0 0.476389 0.730864 0.088889 0.182716
0 0.547917 0.653086 0.104167 0.175309
0 0.656944 0.596296 0.111111 0.185185
0 0.401389 0.912346 0.136111 0.175309
0 0.548611 0.919753 0.130556 0.160494
1 0.329861 0.522222 0.090278 0.150617
1 0.691667 0.474074 0.077778 0.123457
1 0.55625 0.511111 0.090278 0.14321
1 0.758333 0.419753 0.077778 0.123457
1 0.361111 0.069136 0.094444 0.118519
