0 0.235417 0.225926 0.054167 0.101235
0 0.25 0.446914 0.069444 0.11358
0 0.295139 0.548148 0.073611 0.133333
0 0.35 0.624691 0.058333 0.148148
0 0.40625 0.560494 0.079167 0.123457
0 0.382639 0.453086 0.065278 0.096296
0 0.596528 0.524691 0.076389 0.130864
0 0.654861 0.483951 0.079167 0.138272
0 0.49375 0.634568 0.076389 0.14321
0 0.176389 0.859259 0.111111 0.182716
0 0.818056 0.946914 0.091667 0.106173
0 0.303472 0.271605 0.054167 0.118519
0 0.356944 0.27284 0.063889 0.140741
0 0.609722 0.193827 0.052778 0.116049
1 0.407639 0.860494 0.095833 0.175309
