0 0.372917 0.608642 0.070833 0.125926
0 0.45 0.622222 0.061111 0.118519
0 0.485417 0.566667 0.081944 0.120988
0 0.552083 0.482716 0.059722 0.101235
0 0.5875 0.441975 0.075 0.128395
0 0.640972 0.544444 0.054167 0.101235
0 0.677083 0.592593 0.065278 0.083951
0 0.722917 0.691358 0.093056 0.14321
0 0.752778 0.819753 0.094444 0.148148
0 0.805556 0.955556 0.069444 0.088889
0 0.663889 0.945679 0.113889 0.103704
0 0.550694 0.965432 0.090278 0.069136
0 0.427778 0.887654 0.127778 0.195062
1 0.455556 0.740741 0.083333 0.083951
1 0.6125 0.820988 0.086111 0.125926
1 0.665278 0.677778 0.055556 0.08642
