0 0.060417 0.41358 0.118056 0.17037
0 0.327778 0.320988 0.086111 0.133333
0 0.388194 0.228395 0.1125 0.155556
0 0.409028 0.350617 0.084722 0.14321
0 0.483333 0.323457 0.097222 0.128395
0 0.484028 0.217284 0.068056 0.088889
0 0.494444 0.454321 0.113889 0.158025
0 0.565972 0.34321 0.081944 0.123457
0 0.509722 0.149383 0.069444 0.081481
0 0.43125 0.111111 0.056944 0.079012
0 0.629167 0.393827 0.066667 0.120988
0 0.613194 0.450617 0.065278 0.081481
0 0.618056 0.551852 0.066667 0.145679
0 0.671528 0.519753 0.065278 0.116049
0 0.7125 0.51358 0.047222 0.108642
0 0.693056 0.41358 0.052778 0.076543
0 0.679861 0.34321 0.054167 0.088889
0 0.748611 0.87037 0.097222 0.209877
0 0.616667 0.944444 0.111111 0.111111
0 0.59375 0.695062 0.109722 0.204938
0 0.379861 0.530864 0.134722 0.22716
0 0.427778 0.72963 0.1 0.190123
0 0.313889 0.864198 0.152778 0.271605
2 0.081944 0.251852 0.108333 0.123457
2 0.094444 0.145679 0.111111 0.064198
1 0.107639 0.55679 0.098611 0.145679
1 0.178472 0.853086 0.170833 0.293827
1 0.409028 0.841975 0.068056 0.128395
1 0.675694 0.896296 0.059722 0.11358
