0 0.076389 0.52963 0.136111 0.204938
0 0.209722 0.234568 0.094444 0.153086
0 0.118056 0.14321 0.097222 0.148148
0 0.253472 0.101235 0.118056 0.17284
0 0.379167 0.177778 0.108333 0.197531
0 0.254861 0.85679 0.106944 0.182716
0 0.415278 0.730864 0.083333 0.182716
0 0.357639 0.918519 0.084722 0.162963
0 0.452778 0.935802 0.094444 0.128395
0 0.504861 0.779012 0.106944 0.219753
0 0.569444 0.941975 0.102778 0.116049
0 0.707639 0.920988 0.118056 0.158025
0 0.752083 0.558025 0.115278 0.202469
3 0.684722 0.245679 0.080556 0.160494
1 0.322917 0.474074 0.118056 0.187654
1 0.493056 0.054321 0.066667 0.093827
