0 0.030556 0.141975 0.058333 0.209877
0 0.145139 0.483951 0.1125 0.182716
0 0.275 0.508642 0.1 0.177778
0 0.384722 0.533333 0.102778 0.197531
0 0.509722 0.575309 0.105556 0.192593
0 0.643056 0.564198 0.133333 0.185185
0 0.689583 0.25679 0.106944 0.187654
0 0.447917 0.401235 0.109722 0.195062
0 0.354861 0.381481 0.090278 0.155556
0 0.61875 0.940741 0.118056 0.118519
1 0.236111 0.649383 0.066667 0.128395
1 0.192361 0.846914 0.095833 0.187654
1 0.697222 0.837037 0.091667 0.187654
1 0.675 0.653086 0.066667 0.096296
1 0.790972 0.739506 0.156944 0.279012
1 0.774306 0.94321 0.1125 0.11358
1 0.272917 0.15679 0.118056 0.160494
