0 0.13125 0.139506 0.048611 0.071605
0 0.425694 0.080247 0.076389 0.111111
0 0.292361 0.509877 0.073611 0.130864
0 0.538889 0.491358 0.094444 0.148148
0 0.951389 0.054321 0.044444 0.088889
0 0.922222 0.120988 0.041667 0.088889
0 0.8875 0.196296 0.052778 0.120988
0 0.944444 0.455556 0.052778 0.08642
0 0.404861 0.28642 0.034722 0.079012
1 0.342361 0.195062 0.051389 0.083951
1 0.490972 0.222222 0.065278 0.098765
1 0.632639 0.253086 0.0875 0.125926
1 0.532639 0.846914 0.070833 0.083951
1 0.778472 0.887654 0.081944 0.111111
1 0.534722 0.946914 0.091667 0.106173
1 0.11875 0.912346 0.076389 0.111111
1 0.211111 0.585185 0.044444 0.083951
1 0.151389 0.679012 0.063889 0.083951
1 0.229861 0.723457 0.054167 0.064198
