0 0.359028 0.146914 0.0875 0.111111
0 0.385417 0.345679 0.093056 0.162963
2 0.820139 0.246914 0.076389 0.103704
2 0.74375 0.358025 0.093056 0.088889
2 0.506944 0.916049 0.155556 0.123457
2 0.843056 0.850617 0.083333 0.165432
2 0.58125 0.438272 0.043056 0.2
1 0.69375 0.525926 0.073611 0.093827
1 0.752778 0.481481 0.077778 0.093827
1 0.904167 0.424691 0.080556 0.128395
1 0.856944 0.335802 0.058333 0.074074
1 0.154861 0.048148 0.045833 0.066667
1 0.45625 0.144444 0.040278 0.05679
1 0.613194 0.21358 0.048611 0.066667
