0 0.141667 0.246914 0.119444 0.162963
0 0.790972 0.539506 0.079167 0.130864
0 0.955556 0.35679 0.063889 0.106173
0 0.61875 0.302469 0.048611 0.08642
0 0.593056 0.055556 0.061111 0.091358
2 0.689583 0.724691 0.090278 0.150617
2 0.593056 0.946914 0.058333 0.106173
1 0.116667 0.859259 0.122222 0.138272
1 0.129861 0.776543 0.065278 0.05679
1 0.15 0.67284 0.086111 0.091358
1 0.420833 0.719753 0.077778 0.101235
1 0.23125 0.961728 0.079167 0.076543
1 0.756944 0.869136 0.061111 0.088889
1 0.708333 0.350617 0.05 0.064198
