0 0.182639 0.27037 0.065278 0.111111
0 0.072222 0.277778 0.041667 0.111111
0 0.79375 0.669136 0.093056 0.17284
0 0.965972 0.734568 0.068056 0.209877
0 0.715972 0.202469 0.054167 0.11358
0 0.975 0.335802 0.05 0.118519
0 0.329861 0.580247 0.059722 0.118519
0 0.3375 0.767901 0.061111 0.138272
0 0.390278 0.914815 0.069444 0.145679
0 0.408333 0.677778 0.044444 0.106173
0 0.611111 0.532099 0.038889 0.096296
0 0.695139 0.376543 0.051389 0.116049
0 0.813194 0.253086 0.045833 0.101235
0 0.863194 0.455556 0.056944 0.120988
1 0.475 0.788889 0.075 0.125926
1 0.484028 0.053086 0.0625 0.091358
1 0.324306 0.151852 0.056944 0.081481
1 0.526389 0.359259 0.052778 0.08642
1 0.128472 0.244444 0.0625 0.088889
