0 0.473958 0.059491 0.026042 0.052315
0 0.05 0.97338 0.066146 0.053241
0 0.3375 0.559259 0.027604 0.071296
1 0.447526 0.381019 0.046615 0.075
1 0.60612 0.131019 0.03151 0.052778
1 0.646354 0.510185 0.034896 0.053704
1 0.95026 0.493519 0.05 0.084259
1 0.378906 0.748611 0.020833 0.035185
0 0.621224 0.670602 0.040885 0.068981
0 0.889453 0.852083 0.046615 0.086574
0 0.435937 0.085648 0.031771 0.057407
0 0.358724 0.112037 0.02526 0.05
1 0.769792 0.119444 0.04375 0.077778
3 0.490755 0.396759 0.035677 0.053704
