0 0.208333 0.224691 0.066667 0.108642
0 0.238194 0.391358 0.0625 0.140741
0 0.040278 0.498765 0.077778 0.187654
0 0.155556 0.649383 0.094444 0.162963
0 0.052083 0.940741 0.101389 0.118519
0 0.104861 0.48642 0.081944 0.118519
2 0.650694 0.519753 0.1375 0.224691
2 0.236806 0.84321 0.095833 0.150617
2 0.341667 0.569136 0.055556 0.165432
2 0.309028 0.708642 0.054167 0.158025
1 0.429167 0.804938 0.122222 0.25679
1 0.393056 0.969136 0.083333 0.061728
1 0.374306 0.495062 0.051389 0.106173
1 0.226389 0.645679 0.058333 0.101235
