0 0.035417 0.721759 0.048438 0.096296
0 0.082682 0.709259 0.055469 0.106481
0 0.102604 0.653009 0.060417 0.101389
1 0.785937 0.372917 0.050521 0.070833
0 0.964062 0.928472 0.071875 0.133796
0 0.396875 0.661806 0.123958 0.201389
0 0.732422 0.33912 0.050781 0.083796
1 0.400391 0.258333 0.073177 0.060185
1 0.490755 0.138194 0.051302 0.090278
1 0.516146 0.355787 0.076563 0.080093
1 0.738542 0.641898 0.048438 0.104167
1 0.763411 0.783102 0.08151 0.123611
1 0.189583 0.128935 0.054167 0.081019
0 0.848568 0.244444 0.057552 0.062963
0 0.666667 0.306019 0.041667 0.060185
0 0.245833 0.361574 0.064062 0.099074
