1 0.591276 0.069444 0.033073 0.04537
1 0.080859 0.909028 0.061719 0.10787
1 0.505469 0.946991 0.088021 0.106019
1 0.734245 0.319213 0.057031 0.066204
1 0.633594 0.247685 0.051562 0.063889
1 0.61276 0.277083 0.061979 0.0875
1 0.231901 0.50162 0.033073 0.073611
0 0.266927 0.44213 0.041667 0.067593
0 0.344401 0.304167 0.033073 0.056481
0 0.339714 0.271065 0.035156 0.055093
0 0.305729 0.140741 0.031771 0.04537
0 0.431641 0.116435 0.027344 0.038426
0 0.583594 0.402315 0.088021 0.142593
0 0.460547 0.676852 0.089323 0.163889
0 0.588151 0.680556 0.105469 0.203704
