0 0.85638 0.526157 0.035156 0.0625
0 0.472786 0.583796 0.032552 0.05
0 0.946615 0.975 0.054167 0.043519
1 0.926042 0.565278 0.031771 0.034259
0 0.192448 0.34375 0.031771 0.053241
0 0.344922 0.444213 0.045573 0.096759
0 0.444141 0.328009 0.032552 0.053241
0 0.515365 0.826852 0.044271 0.094444
0 0.790365 0.447685 0.046875 0.075
0 0.786589 0.624537 0.038281 0.077778
0 0.823047 0.849306 0.058073 0.1125
0 0.398047 0.097917 0.021094 0.043981
0 0.410026 0.266667 0.027344 0.078704
0 0.375 0.072454 0.018229 0.036574
