0 0.774349 0.40162 0.03724 0.048611
0 0.705078 0.474074 0.045052 0.078704
0 0.603385 0.356019 0.030208 0.075
0 0.682552 0.170139 0.025521 0.056019
0 0.635026 0.196528 0.035677 0.051389
0 0.582682 0.017361 0.026823 0.033796
0 0.646615 0.077546 0.029687 0.056019
0 0.479818 0.115278 0.03099 0.036111
0 0.528776 0.040741 0.02474 0.037963
0 0.525911 0.220833 0.033073 0.067593
0 0.509505 0.182176 0.029427 0.047685
0 0.467578 0.069444 0.01901 0.039815
0 0.433073 0.116898 0.034375 0.055093
0 0.448568 0.175694 0.03724 0.072685
0 0.377083 0.168519 0.029687 0.037963
0 0.333073 0.21088 0.035937 0.0625
0 0.180859 0.662037 0.045052 0.063889
0 0.414062 0.960648 0.090625 0.078704
