0 0.763411 0.079167 0.036719 0.066667
0 0.850651 0.143981 0.032552 0.058333
0 0.795573 0.165278 0.035417 0.059259
0 0.976562 0.446528 0.044792 0.077315
0 0.884375 0.558102 0.0375 0.053241
0 0.624609 0.951389 0.061198 0.097222
0 0.545182 0.966667 0.060677 0.066667
0 0.285417 0.96412 0.051562 0.071759
0 0.244531 0.643981 0.057292 0.101852
0 0.189714 0.63125 0.047135 0.10787
0 0.458333 0.116667 0.044792 0.083333
0 0.111458 0.309954 0.059375 0.104167
1 0.298307 0.029861 0.047656 0.058796
1 0.616797 0.034028 0.04974 0.06713
1 0.754036 0.443519 0.029948 0.051852
1 0.68112 0.4375 0.04349 0.069444
1 0.551302 0.366204 0.0375 0.071296
