0 0.208464 0.061574 0.039323 0.082407
1 0.58099 0.558565 0.017708 0.044907
3 0.932682 0.755324 0.064844 0.089352
1 0.579557 0.662269 0.047656 0.084722
0 0.555078 0.800694 0.04349 0.081019
0 0.634766 0.935185 0.049219 0.078704
0 0.599349 0.869676 0.042448 0.095833
0 0.852995 0.290509 0.04974 0.096759
0 0.874089 0.677778 0.052344 0.091667
0 0.513542 0.024306 0.04375 0.047685
0 0.479167 0.420139 0.041667 0.084722
0 0.501302 0.497454 0.039583 0.069907
0 0.332813 0.491898 0.044271 0.081019
0 0.384766 0.189352 0.040885 0.090741
0 0.24388 0.475 0.029948 0.059259
0 0.132161 0.489583 0.04349 0.073611
