1 0.340625 0.878241 0.03125 0.047222
0 0.341667 0.731713 0.030729 0.061574
0 0.445443 0.958102 0.051823 0.083796
0 0.63776 0.615509 0.033333 0.066204
0 0.723047 0.612963 0.027865 0.042593
0 0.812891 0.573148 0.038802 0.059259
0 0.869661 0.396296 0.038281 0.051852
0 0.941536 0.325694 0.042969 0.072685
0 0.984505 0.302315 0.03099 0.062963
0 0.965495 0.484259 0.036198 0.065741
0 0.622526 0.347454 0.025781 0.041204
0 0.613021 0.298148 0.024479 0.039815
0 0.666016 0.210417 0.027344 0.036574
0 0.691016 0.17662 0.027865 0.041204
