0 0.69388 0.346759 0.035156 0.071296
0 0.821875 0.526157 0.042188 0.084722
0 0.367708 0.028472 0.028646 0.0375
0 0.439062 0.024769 0.019792 0.044907
0 0.458333 0.015278 0.027083 0.02963
0 0.459375 0.097917 0.029167 0.050463
0 0.453646 0.133102 0.039583 0.053241
0 0.146484 0.346065 0.025781 0.045833
0 0.072656 0.438657 0.033333 0.049537
0 0.017578 0.541667 0.034635 0.062037
0 0.38112 0.386574 0.042969 0.066667
0 0.401172 0.429167 0.049219 0.078704
0 0.354818 0.527778 0.05026 0.07963
0 0.258203 0.712963 0.058594 0.097222
0 0.153516 0.673148 0.074219 0.094444
0 0.097786 0.838889 0.09349 0.147222
