0 0.349479 0.485417 0.028646 0.045833
0 0.48112 0.299537 0.021094 0.044444
0 0.385156 0.428241 0.028125 0.043519
0 0.434896 0.386111 0.025 0.050926
0 0.6375 0.027778 0.024479 0.036111
0 0.614974 0.06875 0.025781 0.041204
0 0.561198 0.252778 0.027083 0.043519
0 0.66263 0.282639 0.04349 0.073611
0 0.671484 0.457407 0.034115 0.058333
0 0.692318 0.518519 0.04974 0.071296
0 0.687891 0.640278 0.05599 0.091667
0 0.46888 0.752315 0.047135 0.098148
0 0.423958 0.765509 0.034896 0.093056
0 0.381771 0.743287 0.031771 0.033796
0 0.342969 0.898843 0.0375 0.085648
0 0.276562 0.63912 0.026042 0.05787
0 0.256771 0.718519 0.021875 0.047222
0 0.213542 0.81713 0.017188 0.046296
