1 0.74401 0.684259 0.065625 0.082407
1 0.296224 0.845602 0.066927 0.073611
0 0.066927 0.88287 0.061979 0.087037
0 0.250781 0.337963 0.028125 0.05
0 0.545573 0.427315 0.021875 0.040741
0 0.772396 0.737963 0.069271 0.10463
0 0.755208 0.575 0.065104 0.075926
0 0.214974 0.596065 0.049219 0.074537
0 0.555859 0.64838 0.042448 0.054167
0 0.665625 0.739583 0.061458 0.073611
0 0.561068 0.734491 0.040885 0.066204
0 0.507292 0.804167 0.054688 0.082407
0 0.5125 0.948611 0.058854 0.098148
3 0.724609 0.912037 0.048177 0.063889
