0 0.492839 0.531713 0.027344 0.048611
0 0.538281 0.358565 0.023958 0.055093
0 0.499609 0.358565 0.026823 0.044907
0 0.55651 0.628009 0.028125 0.056019
0 0.616406 0.630556 0.028125 0.053704
0 0.525521 0.743056 0.038021 0.061111
0 0.613151 0.953935 0.042969 0.077315
0 0.23099 0.944676 0.047396 0.083796
0 0.359245 0.506019 0.033073 0.060185
0 0.416536 0.336574 0.026823 0.050926
0 0.43763 0.176389 0.026823 0.049074
0 0.418359 0.082639 0.028906 0.054167
0 0.332031 0.065741 0.036458 0.064815
0 0.126562 0.080093 0.036458 0.050926
0 0.059115 0.399074 0.052083 0.091667
