1 0.227865 0.970139 0.04375 0.059722
1 0.204427 0.845139 0.05 0.055093
1 0.163281 0.871296 0.040625 0.062963
1 0.174349 0.948148 0.035156 0.046296
0 0.640365 0.546759 0.022396 0.041667
0 0.451562 0.887963 0.029687 0.049074
0 0.602344 0.5875 0.028125 0.052778
0 0.526563 0.590046 0.030208 0.055093
0 0.55 0.504861 0.026042 0.050463
0 0.483464 0.460417 0.021094 0.043981
0 0.465495 0.572222 0.027344 0.042593
0 0.430859 0.515509 0.023177 0.041204
0 0.243099 0.659954 0.023177 0.044907
0 0.131901 0.635648 0.027344 0.036111
0 0.153255 0.979398 0.035156 0.041204
