1 0.420443 0.899537 0.033073 0.043519
0 0.858854 0.921528 0.034375 0.052315
0 0.801432 0.679398 0.029427 0.061574
0 0.758854 0.674306 0.026042 0.051389
0 0.638151 0.910185 0.04349 0.075
0 0.698047 0.436111 0.02526 0.039815
0 0.64987 0.404861 0.02474 0.044907
0 0.652995 0.302315 0.022656 0.057407
0 0.644531 0.225694 0.019792 0.0375
0 0.592057 0.184722 0.020573 0.042593
0 0.601302 0.234028 0.021875 0.054167
0 0.635417 0.159028 0.023958 0.043981
0 0.493229 0.257176 0.028125 0.0625
0 0.458724 0.49537 0.03099 0.074074
0 0.302214 0.811343 0.027344 0.0625
0 0.373958 0.584259 0.035937 0.061111
0 0.364453 0.964583 0.054948 0.070833
0 0.1875 0.886343 0.055729 0.075463
0 0.176563 0.615509 0.046354 0.066204
0 0.288411 0.45463 0.045052 0.064815
0 0.173698 0.463426 0.050521 0.075
0 0.013151 0.181481 0.025781 0.066667
