0 0.542057 0.54375 0.023177 0.030093
0 0.176172 0.911343 0.02474 0.044907
0 0.834896 0.689815 0.038542 0.05
0 0.909896 0.448611 0.029687 0.047222
0 0.852604 0.462269 0.026042 0.0375
0 0.786589 0.509954 0.035156 0.044907
0 0.670833 0.673611 0.030208 0.05
0 0.613932 0.654861 0.028906 0.052315
0 0.524219 0.532176 0.019792 0.030093
0 0.526693 0.628704 0.028906 0.05
0 0.463281 0.560417 0.020313 0.043981
0 0.452344 0.913426 0.035417 0.063889
0 0.260286 0.962037 0.032552 0.043519
0 0.260937 0.895139 0.032292 0.044907
