0 0.721615 0.915741 0.030208 0.068519
0 0.770443 0.85625 0.03099 0.055093
0 0.662109 0.30463 0.029427 0.047222
0 0.708854 0.145139 0.035937 0.056019
0 0.734896 0.101389 0.030208 0.056481
0 0.587891 0.25787 0.033073 0.056481
0 0.485156 0.715509 0.035937 0.076389
0 0.168099 0.978935 0.061719 0.04213
0 0.298958 0.847685 0.039583 0.075
0 0.516536 0.315972 0.040885 0.069907
0 0.526042 0.193981 0.035937 0.093519
0 0.455208 0.272222 0.039583 0.082407
0 0.395443 0.09213 0.032552 0.05
0 0.353516 0.080093 0.035677 0.074074
0 0.120313 0.510417 0.046354 0.083796
0 0.136849 0.346759 0.03724 0.063889
0 0.080859 0.40162 0.036719 0.076389
