0 0.116797 0.032639 0.035156 0.061574
1 0.364844 0.831944 0.035937 0.063889
0 0.423568 0.808796 0.033594 0.057407
0 0.271875 0.932176 0.05 0.073611
0 0.495443 0.665509 0.03099 0.058796
0 0.345703 0.7625 0.03724 0.067593
0 0.117448 0.840741 0.033854 0.071296
0 0.25 0.601157 0.035937 0.059722
0 0.334896 0.508796 0.030729 0.05
0 0.276432 0.5125 0.029427 0.060185
0 0.027604 0.372917 0.040104 0.066204
0 0.201953 0.246991 0.03099 0.055093
0 0.058203 0.133333 0.045052 0.04537
0 0.099479 0.195833 0.038542 0.062963
