3 0.749349 0.327083 0.039323 0.065278
0 0.353516 0.803009 0.045573 0.083796
0 0.415495 0.91088 0.052865 0.104167
0 0.248307 0.973148 0.049219 0.053704
0 0.285677 0.86713 0.05625 0.078704
1 0.897266 0.497917 0.049219 0.066204
1 0.491797 0.951389 0.063281 0.089815
1 0.122005 0.730556 0.06276 0.103704
0 0.125911 0.085648 0.050781 0.09537
0 0.392318 0.675694 0.038802 0.073611
0 0.276823 0.332176 0.035937 0.044907
0 0.47526 0.349074 0.0375 0.066667
0 0.947526 0.419213 0.055469 0.083796
0 0.861979 0.9625 0.070312 0.075
0 0.917448 0.071528 0.052083 0.058796
