0 0.116536 0.020139 0.03724 0.039352
0 0.095182 0.058102 0.027344 0.045833
0 0.791667 0.115278 0.038542 0.058333
0 0.751042 0.183333 0.040104 0.063889
0 0.81849 0.381944 0.035937 0.063889
0 0.715885 0.262963 0.040104 0.07037
0 0.695703 0.190046 0.034115 0.054167
0 0.617969 0.357639 0.035417 0.0625
1 0.591536 0.027083 0.048177 0.053241
1 0.852604 0.341667 0.046875 0.075926
0 0.470703 0.598843 0.041406 0.05787
0 0.847266 0.784259 0.04401 0.075
0 0.491797 0.751852 0.042969 0.072222
0 0.291016 0.702778 0.050781 0.075926
0 0.19401 0.59375 0.047396 0.068056
