0 0.713411 0.963889 0.054948 0.072222
0 0.89987 0.605093 0.03099 0.05
1 0.395833 0.913426 0.023958 0.05
0 0.976302 0.445833 0.027604 0.05
0 0.913672 0.435417 0.023177 0.048611
0 0.909115 0.323843 0.026562 0.058796
0 0.871094 0.192593 0.025521 0.053704
0 0.839062 0.272917 0.027604 0.058796
0 0.729688 0.559259 0.026562 0.056481
0 0.515365 0.708796 0.021875 0.05
0 0.658854 0.658796 0.030208 0.057407
0 0.705078 0.10463 0.026823 0.057407
0 0.741276 0.341667 0.030469 0.053704
0 0.539714 0.300231 0.03099 0.051389
0 0.583724 0.563657 0.028906 0.052315
0 0.501302 0.589352 0.030208 0.061111
0 0.180729 0.458565 0.029687 0.052315
0 0.190625 0.75 0.033854 0.05
0 0.326693 0.814352 0.023177 0.053704
0 0.314583 0.593056 0.028125 0.050926
0 0.239453 0.723148 0.028906 0.033333
0 0.395052 0.422222 0.020313 0.035185
0 0.233594 0.137731 0.032292 0.061574
0 0.308854 0.097685 0.023958 0.056481
0 0.272266 0.074306 0.03099 0.0625
0 0.038932 0.608102 0.034635 0.056019
0 0.007161 0.464352 0.013802 0.046296
0 0.039714 0.436806 0.033073 0.041204
