1 0.824349 0.624769 0.021094 0.080093
1 0.617448 0.036574 0.025521 0.064815
1 0.494792 0.423148 0.034896 0.052778
1 0.172135 0.686111 0.046354 0.063889
0 0.199219 0.637269 0.051562 0.08287
0 0.131641 0.739583 0.034635 0.0625
0 0.535547 0.271296 0.029948 0.053704
0 0.331771 0.801157 0.035937 0.06713
0 0.408724 0.756019 0.04349 0.078704
0 0.554427 0.717593 0.035937 0.051852
0 0.576953 0.571296 0.052865 0.089815
0 0.6125 0.505324 0.051042 0.074537
0 0.613542 0.421759 0.043229 0.07037
0 0.538021 0.372454 0.042188 0.072685
0 0.367448 0.232407 0.029167 0.056481
0 0.232292 0.236111 0.029167 0.041667
0 0.146875 0.463657 0.029687 0.054167
0 0.100521 0.544907 0.035937 0.05
0 0.034896 0.564352 0.038542 0.051852
