0 0.63776 0.281481 0.020313 0.043519
0 0.514323 0.303472 0.018229 0.052315
0 0.114844 0.497917 0.026042 0.036574
0 0.175911 0.514815 0.021094 0.042593
0 0.170573 0.450926 0.023438 0.039815
0 0.192708 0.447917 0.022396 0.029167
0 0.254948 0.505556 0.021875 0.038889
0 0.06849 0.586343 0.034375 0.030093
0 0.083984 0.611111 0.038802 0.042593
0 0.041797 0.877546 0.07526 0.090278
0 0.177995 0.600463 0.02526 0.036111
0 0.270182 0.606019 0.02526 0.032407
0 0.280729 0.638889 0.033854 0.05
0 0.364844 0.364815 0.021875 0.032407
0 0.396745 0.27963 0.021094 0.02963
0 0.43125 0.26713 0.019792 0.025
0 0.351693 0.305324 0.021094 0.023611
0 0.491536 0.831944 0.041406 0.061111
0 0.395703 0.870139 0.03724 0.077315
0 0.344792 0.709259 0.023958 0.056481
0 0.655729 0.906481 0.050521 0.077778
0 0.714583 0.481713 0.031771 0.066204
0 0.698307 0.608102 0.028906 0.051389
0 0.551302 0.597917 0.026042 0.041204
0 0.751432 0.354167 0.03099 0.053704
0 0.807031 0.481713 0.032292 0.056019
0 0.898568 0.657407 0.054948 0.082407
