1 0.85 0.806944 0.072396 0.089815
0 0.833203 0.953472 0.070573 0.093056
0 0.392839 0.776389 0.038802 0.075926
0 0.48151 0.753241 0.032292 0.058333
0 0.56263 0.685417 0.039844 0.065278
0 0.698307 0.530556 0.030469 0.062963
0 0.619531 0.440972 0.034896 0.058796
0 0.677604 0.347917 0.032813 0.060648
0 0.722526 0.313426 0.03151 0.056481
0 0.572396 0.131944 0.020833 0.04537
0 0.548438 0.178704 0.021354 0.037963
0 0.463281 0.236574 0.021354 0.037037
0 0.442188 0.269213 0.025521 0.036574
0 0.488021 0.245833 0.025 0.033333
0 0.378906 0.387037 0.025521 0.037037
0 0.385547 0.432639 0.022135 0.04213
