0 0.18112 0.876389 0.063802 0.087963
0 0.808464 0.673148 0.053385 0.063889
0 0.480208 0.975231 0.041667 0.049537
0 0.955208 0.393519 0.040104 0.060185
0 0.834635 0.498611 0.042188 0.07037
0 0.397786 0.297917 0.042969 0.066204
0 0.725521 0.109028 0.033854 0.058796
0 0.629427 0.46713 0.045833 0.067593
1 0.123047 0.17963 0.042448 0.07037
1 0.180078 0.162037 0.036719 0.064815
1 0.326042 0.456019 0.041667 0.072222
1 0.120964 0.96875 0.064844 0.0625
0 0.077995 0.935185 0.053385 0.082407
0 0.314844 0.828935 0.045833 0.08287
0 0.253906 0.76875 0.052083 0.080093
0 0.235937 0.655556 0.05 0.063889
0 0.079427 0.512963 0.049479 0.074074
