0 0.843099 0.953935 0.078906 0.09213
1 0.858594 0.805556 0.073438 0.088889
0 0.400911 0.764352 0.034115 0.062963
0 0.72474 0.624537 0.047917 0.096296
0 0.56875 0.680556 0.036458 0.063889
0 0.73138 0.307407 0.032031 0.055556
0 0.71224 0.524074 0.030729 0.071296
0 0.627083 0.434491 0.034375 0.052315
0 0.690885 0.340972 0.028125 0.063426
0 0.580469 0.130324 0.021354 0.048611
0 0.559375 0.174306 0.025 0.033796
0 0.472786 0.231944 0.020052 0.033333
0 0.497786 0.240972 0.01901 0.031944
0 0.451042 0.262037 0.025 0.037963
0 0.389193 0.386343 0.026823 0.040278
0 0.39388 0.432639 0.023698 0.048611
