1 0.960417 0.698611 0.079167 0.119444
1 0.950781 0.89537 0.098437 0.177778
1 0.741927 0.552778 0.055729 0.088889
1 0.673177 0.548611 0.075521 0.108333
1 0.303125 0.681944 0.092708 0.113889
1 0.478646 0.574074 0.064583 0.101852
1 0.352344 0.359722 0.071354 0.093519
0 0.814063 0.627315 0.079167 0.110185
0 0.654427 0.606944 0.064062 0.112037
0 0.530729 0.556481 0.065625 0.101852
0 0.365885 0.284259 0.066146 0.096296
0 0.321875 0.181019 0.059375 0.082407
0 0.207552 0.091204 0.074479 0.073148
0 0.108594 0.720833 0.164062 0.149074
