0 0.271615 0.742593 0.053646 0.083333
0 0.988542 0.341204 0.022917 0.087963
0 0.802083 0.401852 0.0625 0.083333
0 0.718229 0.550926 0.058333 0.088889
0 0.625521 0.78287 0.059375 0.089815
0 0.676562 0.691667 0.060417 0.07963
0 0.518229 0.567593 0.065625 0.116667
0 0.327865 0.767593 0.077604 0.114815
1 0.870052 0.460648 0.043229 0.058333
1 0.796354 0.523148 0.06875 0.101852
1 0.730208 0.391667 0.039583 0.092593
1 0.53776 0.963426 0.056771 0.073148
1 0.50625 0.636111 0.05625 0.074074
1 0.302344 0.68287 0.070312 0.089815
