1 0.538411 0.38125 0.05599 0.06713
0 0.322005 0.255556 0.017448 0.035185
0 0.375781 0.323611 0.025521 0.035185
0 0.291016 0.315509 0.021615 0.034722
0 0.01888 0.91412 0.03724 0.070833
0 0.184375 0.973148 0.047396 0.053704
1 0.298568 0.437269 0.04974 0.035648
1 0.253255 0.490046 0.055469 0.084722
0 0.211719 0.508333 0.042708 0.057407
0 0.883984 0.870833 0.060156 0.087037
0 0.859245 0.562269 0.088281 0.131944
0 0.671094 0.367593 0.06875 0.077778
0 0.736979 0.356944 0.047917 0.083333
0 0.600521 0.388194 0.065104 0.0625
0 0.698568 0.428704 0.040885 0.050926
0 0.38138 0.462037 0.036719 0.048148
0 0.452995 0.445139 0.048698 0.0625
0 0.49388 0.565046 0.067969 0.106944
0 0.579948 0.619444 0.084375 0.118519
