0 0.483854 0.969444 0.0875 0.061111
0 0.722005 0.740046 0.058594 0.081019
0 0.138281 0.263194 0.027083 0.028241
0 0.602474 0.492361 0.026302 0.049537
1 0.136068 0.6 0.03099 0.047222
0 0.353125 0.722222 0.053125 0.099074
0 0.094661 0.739583 0.066406 0.088426
0 0.127214 0.933102 0.092448 0.133796
0 0.204036 0.878472 0.072135 0.124537
0 0.372135 0.554167 0.035417 0.046296
0 0.429948 0.551157 0.030208 0.041204
0 0.432422 0.517361 0.023177 0.040278
0 0.746615 0.367824 0.028646 0.048611
0 0.78724 0.358796 0.028646 0.041667
1 0.334896 0.528704 0.033333 0.038889
1 0.586589 0.550926 0.040885 0.057407
0 0.765104 0.538194 0.042708 0.049537
