1 0.914323 0.088889 0.031771 0.059259
1 0.979167 0.4625 0.041667 0.080556
1 0.13099 0.134722 0.040104 0.039815
1 0.808854 0.063426 0.079167 0.093519
1 0.789583 0.14213 0.09375 0.121296
1 0.709635 0.221296 0.064062 0.094444
1 0.836719 0.284259 0.043229 0.057407
1 0.939583 0.288426 0.072917 0.099074
1 0.96849 0.33287 0.063021 0.093519
1 0.938021 0.443519 0.078125 0.118519
1 0.673958 0.83287 0.045833 0.060185
1 0.713542 0.727315 0.048958 0.097222
1 0.68776 0.496296 0.055729 0.068519
1 0.68151 0.347685 0.065104 0.099074
1 0.43125 0.398611 0.072917 0.121296
1 0.561979 0.038426 0.069792 0.075
1 0.436458 0.094907 0.059375 0.089815
1 0.215625 0.273611 0.090625 0.110185
1 0.069792 0.656019 0.138542 0.19537
0 0.938542 0.831019 0.079167 0.09537
0 0.385677 0.034259 0.054688 0.066667
0 0.091406 0.868056 0.179688 0.169444
0 0.340365 0.846296 0.081771 0.111111
0 0.779948 0.750926 0.059896 0.107407
0 0.852083 0.802315 0.09375 0.10463
0 0.731771 0.775463 0.060417 0.099074
0 0.673958 0.568056 0.045833 0.087963
0 0.801823 0.676389 0.060937 0.086111
0 0.953385 0.076852 0.068229 0.083333
0 0.926562 0.195833 0.083333 0.10463
0 0.729427 0.41713 0.050521 0.076852
0 0.839583 0.359259 0.06875 0.109259
0 0.666927 0.068519 0.074479 0.135185
0 0.482031 0.386574 0.069271 0.14537
0 0.590104 0.618981 0.069792 0.134259
