1 0.826562 0.718981 0.123958 0.160185
1 0.097917 0.042593 0.089583 0.083333
1 0.440365 0.280093 0.052604 0.086111
1 0.46276 0.610185 0.036979 0.072222
1 0.56849 0.882407 0.068229 0.101852
1 0.378646 0.978704 0.067708 0.042593
1 0.245573 0.881481 0.093229 0.122222
1 0.151302 0.961574 0.052604 0.076852
1 0.22474 0.702315 0.091146 0.108333
0 0.805208 0.042593 0.054167 0.083333
0 0.452083 0.944907 0.058333 0.09537
0 0.288802 0.962037 0.072396 0.075926
0 0.149219 0.850926 0.094271 0.118519
0 0.304688 0.540278 0.094792 0.121296
0 0.63125 0.643981 0.127083 0.158333
0 0.521094 0.105556 0.056771 0.092593
0 0.145313 0.102315 0.101042 0.10463
