2 0.426042 0.152315 0.16875 0.139815
3 0.229427 0.504167 0.149479 0.217593
1 0.925521 0.9 0.084375 0.112963
1 0.467969 0.655093 0.064062 0.136111
1 0.436719 0.6 0.050521 0.092593
1 0.389844 0.727315 0.093229 0.165741
1 0.285677 0.762037 0.089063 0.114815
1 0.134115 0.80787 0.091146 0.10463
1 0.897135 0.601852 0.128646 0.153704
1 0.742448 0.514815 0.104688 0.148148
1 0.571615 0.10787 0.109896 0.193519
1 0.26875 0.084722 0.070833 0.099074
1 0.07474 0.425463 0.148438 0.191667
0 0.560417 0.277315 0.132292 0.186111
0 0.535417 0.566667 0.136458 0.218519
0 0.585938 0.690278 0.072917 0.117593
0 0.060417 0.198611 0.119792 0.163889
1 0.95651 0.400926 0.060937 0.096296
1 0.823437 0.810185 0.064583 0.075926
