1 0.785937 0.126157 0.039583 0.046759
1 0.803646 0.665741 0.048958 0.082407
1 0.749609 0.711574 0.035677 0.055556
1 0.729297 0.784028 0.046094 0.068056
1 0.674089 0.66088 0.021615 0.04213
1 0.722266 0.551852 0.02526 0.048148
1 0.600521 0.789815 0.039062 0.040741
1 0.603776 0.616204 0.027344 0.038889
1 0.522786 0.538889 0.03724 0.046296
1 0.573307 0.396296 0.038281 0.060185
1 0.542448 0.310648 0.032292 0.052778
1 0.273568 0.589815 0.033073 0.056481
1 0.182682 0.340046 0.030469 0.039352
1 0.257422 0.3125 0.027865 0.034259
1 0.211328 0.2875 0.042448 0.046296
