0 0.145703 0.23125 0.050781 0.076389
0 0.267708 0.121528 0.041667 0.075463
0 0.278776 0.277546 0.026302 0.054167
0 0.327344 0.369676 0.05 0.063426
0 0.038672 0.484722 0.059635 0.059259
0 0.279167 0.762269 0.04375 0.076389
0 0.50638 0.66875 0.040885 0.078241
0 0.552734 0.668056 0.053385 0.096296
1 0.185417 0.820139 0.058854 0.08287
1 0.378646 0.43287 0.034375 0.034259
1 0.555729 0.303935 0.014063 0.038426
1 0.752865 0.902083 0.023438 0.049537
0 0.665885 0.953009 0.029167 0.055093
3 0.37474 0.538889 0.03125 0.05463
0 0.697917 0.534028 0.019792 0.045833
