1 0.254297 0.51088 0.024219 0.043056
1 0.172005 0.818519 0.048177 0.056481
1 0.52487 0.873148 0.033594 0.052778
1 0.495312 0.857407 0.040625 0.062037
2 0.88724 0.7625 0.058854 0.136111
1 0.916016 0.725463 0.04974 0.1
1 0.925521 0.563657 0.044792 0.064352
1 0.845964 0.59213 0.033594 0.05463
1 0.45612 0.40787 0.02526 0.042593
1 0.464714 0.563889 0.032031 0.05463
1 0.351432 0.566435 0.03724 0.075463
1 0.311198 0.636574 0.033854 0.052778
1 0.304036 0.716898 0.03724 0.0625
1 0.22526 0.641898 0.014063 0.046759
1 0.129948 0.638426 0.033333 0.04537
1 0.042448 0.393519 0.056771 0.071296
1 0.256641 0.078241 0.039323 0.042593
