0 0.323177 0.314583 0.049479 0.098611
1 0.767057 0.922222 0.061198 0.113889
1 0.832161 0.728472 0.040365 0.080093
1 0.884115 0.595602 0.045312 0.060648
1 0.96263 0.518981 0.059115 0.062963
1 0.862109 0.393056 0.041406 0.056481
1 0.847135 0.348843 0.0375 0.045833
1 0.533333 0.672454 0.047917 0.081019
1 0.377865 0.641204 0.016667 0.073148
1 0.615234 0.339583 0.039844 0.064352
1 0.455729 0.334491 0.017188 0.030093
1 0.313802 0.459259 0.050521 0.065741
1 0.316667 0.176157 0.022396 0.0625
1 0.233594 0.230787 0.03125 0.074537
1 0.131771 0.297685 0.045833 0.07963
