0 0.020833 0.865509 0.039583 0.088426
1 0.598568 0.053472 0.057552 0.094907
0 0.620052 0.591667 0.043229 0.084259
0 0.499479 0.962037 0.048438 0.075926
0 0.491536 0.876157 0.049219 0.086574
0 0.445964 0.923148 0.048698 0.108333
0 0.40638 0.949074 0.032552 0.061111
0 0.401693 0.83588 0.040885 0.081944
0 0.471875 0.568287 0.057292 0.111574
0 0.459635 0.405093 0.053125 0.1
0 0.515625 0.344907 0.059375 0.106481
0 0.330859 0.313426 0.036198 0.071296
0 0.25 0.071296 0.042188 0.069444
0 0.410286 0.109954 0.048698 0.074537
