1 0.648307 0.44838 0.046094 0.068056
0 0.794271 0.793287 0.046875 0.093056
0 0.723568 0.857176 0.054948 0.111574
0 0.771615 0.951389 0.044271 0.097222
0 0.598828 0.833796 0.053385 0.099074
0 0.641406 0.742824 0.067187 0.103241
0 0.323958 0.568056 0.040104 0.062037
0 0.417708 0.771528 0.038542 0.080093
0 0.504036 0.556944 0.049219 0.084259
0 0.46263 0.413889 0.033073 0.059259
0 0.509635 0.309722 0.046354 0.076852
0 0.354687 0.478935 0.040625 0.05787
0 0.03763 0.960185 0.038281 0.07037
0 0.1125 0.667361 0.047917 0.079167
