1 0.878255 0.33912 0.051302 0.05787
1 0.377604 0.215046 0.038542 0.044907
0 0.520964 0.933565 0.06224 0.104167
0 0.581641 0.971991 0.046615 0.046759
0 0.595052 0.890046 0.068229 0.111574
0 0.600781 0.78588 0.046875 0.091204
0 0.648698 0.793519 0.049479 0.103704
0 0.783073 0.759954 0.042708 0.097685
0 0.485937 0.540741 0.041667 0.081481
0 0.523177 0.378935 0.039583 0.072685
0 0.462891 0.286111 0.040365 0.042593
0 0.460417 0.346065 0.051042 0.089352
0 0.309115 0.233333 0.043229 0.081481
0 0.192448 0.183333 0.042708 0.062963
