1 0.814193 0.090509 0.061719 0.08287
3 0.082161 0.60162 0.042448 0.049537
3 0.29987 0.81412 0.11224 0.091204
3 0.489714 0.156944 0.04974 0.043519
3 0.455469 0.241204 0.03125 0.026852
3 0.471224 0.272222 0.039844 0.042593
3 0.371484 0.334954 0.036719 0.039352
3 0.426563 0.357176 0.048958 0.05787
3 0.427344 0.455324 0.048958 0.0625
3 0.369792 0.513889 0.065625 0.105556
3 0.428906 0.279167 0.039062 0.039815
1 0.603125 0.84838 0.1125 0.191204
1 0.213281 0.704861 0.072917 0.120833
1 0.111979 0.780556 0.114583 0.155556
1 0.652214 0.387963 0.078385 0.122222
1 0.694401 0.237731 0.098698 0.151389
1 0.794141 0.166435 0.104948 0.128241
1 0.940625 0.085417 0.098437 0.13287
1 0.468359 0.526852 0.077865 0.050926
1 0.267708 0.511111 0.047917 0.048148
1 0.065755 0.301389 0.089844 0.055556
1 0.076953 0.389352 0.057552 0.082407
2 0.432552 0.750463 0.094792 0.124074
3 0.638932 0.966667 0.092448 0.066667
3 0.445833 0.185648 0.029687 0.02963
3 0.146094 0.596065 0.060937 0.052315
3 0.223828 0.566204 0.04401 0.02963
