1 0.904818 0.678241 0.065885 0.090741
1 0.902734 0.745602 0.097135 0.105093
1 0.883073 0.789352 0.070312 0.09537
1 0.767188 0.664583 0.047917 0.109722
1 0.823568 0.6625 0.023698 0.068519
1 0.801823 0.586806 0.047917 0.070833
1 0.739062 0.539583 0.036979 0.070833
1 0.783333 0.458796 0.044792 0.069444
1 0.712891 0.395833 0.04401 0.05
1 0.723828 0.450926 0.048177 0.076852
1 0.565755 0.598148 0.058594 0.085185
1 0.380208 0.218519 0.044792 0.09537
1 0.184375 0.681944 0.172917 0.252778
1 0.197266 0.908565 0.164844 0.18287
