1 0.938281 0.754167 0.035937 0.076852
0 0.505859 0.25787 0.035156 0.074074
1 0.784766 0.834259 0.092969 0.137037
1 0.81224 0.949306 0.0625 0.101389
1 0.916146 0.952315 0.065625 0.09537
1 0.935417 0.279167 0.046354 0.050926
1 0.889453 0.218519 0.04974 0.061111
3 0.309766 0.284954 0.060156 0.068056
3 0.14974 0.324537 0.055208 0.055556
3 0.171094 0.265509 0.047917 0.083796
3 0.284375 0.534491 0.059375 0.064352
3 0.264844 0.38125 0.074479 0.043981
3 0.104818 0.013889 0.092448 0.026852
3 0.210026 0.082639 0.067969 0.043981
3 0.109505 0.271296 0.08099 0.058333
3 0.06875 0.960185 0.136979 0.07963
3 0.285286 0.947222 0.113802 0.105556
1 0.608724 0.90787 0.089844 0.147222
1 0.816667 0.7125 0.039062 0.085185
1 0.769271 0.682639 0.056771 0.10787
1 0.467448 0.702546 0.0875 0.133796
1 0.700781 0.56088 0.068229 0.093981
1 0.685156 0.497222 0.049479 0.047222
1 0.635286 0.484722 0.057552 0.066667
1 0.622005 0.54537 0.066406 0.102778
1 0.553255 0.520833 0.073698 0.111111
1 0.563281 0.465278 0.061458 0.050926
1 0.480339 0.528704 0.064844 0.092593
1 0.402734 0.537963 0.076823 0.111111
3 0.207682 0.548843 0.060156 0.083796
1 0.370573 0.389352 0.083333 0.111111
1 0.320703 0.492361 0.072135 0.076389
1 0.24388 0.315741 0.067969 0.084259
1 0.080208 0.134028 0.083333 0.101389
1 0.491276 0.442824 0.083594 0.078241
1 0.473177 0.320833 0.069792 0.053704
1 0.530339 0.35787 0.042448 0.082407
1 0.751953 0.405093 0.036719 0.076852
1 0.673177 0.339815 0.053125 0.115741
1 0.626823 0.397222 0.045833 0.084259
1 0.58138 0.378009 0.041406 0.054167
1 0.61888 0.197685 0.071615 0.128704
1 0.553255 0.04838 0.05599 0.083796
1 0.524609 0.114815 0.053906 0.116667
1 0.441016 0.0375 0.042448 0.074074
1 0.425391 0.085417 0.051302 0.072685
