1 0.744792 0.256481 0.067187 0.07963
1 0.555599 0.475231 0.041406 0.059722
1 0.383333 0.6875 0.045312 0.077778
1 0.441016 0.871991 0.077865 0.118056
1 0.197656 0.705324 0.104167 0.091204
1 0.16263 0.858333 0.040885 0.07963
1 0.23776 0.812037 0.0625 0.100926
1 0.159766 0.94213 0.06901 0.106481
2 0.663021 0.62963 0.092188 0.248148
3 0.352865 0.548148 0.028646 0.059259
3 0.769661 0.191204 0.032031 0.02963
3 0.834375 0.159259 0.0375 0.042593
1 0.506901 0.847685 0.029427 0.118519
1 0.477083 0.929167 0.035937 0.09537
1 0.566146 0.658333 0.065625 0.150926
1 0.445833 0.758333 0.065104 0.102778
1 0.508594 0.708333 0.058333 0.108333
1 0.448698 0.679861 0.040104 0.065278
1 0.516276 0.565509 0.04974 0.068056
1 0.601432 0.392824 0.054427 0.1125
1 0.453776 0.560185 0.042448 0.063889
1 0.664193 0.470833 0.085156 0.134259
1 0.74388 0.394444 0.092969 0.100926
1 0.821875 0.477315 0.115625 0.187037
1 0.864193 0.34213 0.09401 0.108333
1 0.969141 0.201157 0.060677 0.075463
1 0.283724 0.400926 0.067448 0.056481
