3 0.306901 0.306019 0.032031 0.035185
0 0.604297 0.422222 0.02474 0.074074
0 0.632812 0.081944 0.030208 0.037037
2 0.722526 0.248611 0.061719 0.226852
3 0.03125 0.711111 0.061979 0.102778
3 0.973568 0.470833 0.051823 0.048148
3 0.217318 0.17338 0.058594 0.039352
3 0.272396 0.321528 0.046354 0.038426
3 0.285026 0.277083 0.045573 0.038426
1 0.229818 0.668287 0.102865 0.148611
1 0.354818 0.575926 0.079427 0.100926
1 0.26276 0.461574 0.064062 0.069444
1 0.163802 0.214352 0.040104 0.063889
1 0.145313 0.08125 0.051042 0.069907
1 0.326432 0.202546 0.036719 0.049537
1 0.274349 0.159722 0.045573 0.061111
1 0.340495 0.335648 0.047135 0.061111
1 0.359766 0.419444 0.079427 0.105556
3 0.330339 0.238426 0.05599 0.100926
3 0.373828 0.159259 0.051302 0.04537
1 0.527083 0.413657 0.071354 0.068056
1 0.58138 0.49375 0.065885 0.105093
1 0.461198 0.531713 0.105208 0.106944
1 0.43138 0.630556 0.10026 0.12963
1 0.504167 0.732639 0.104167 0.159722
1 0.519401 0.607639 0.094531 0.078241
1 0.615234 0.703241 0.107552 0.166667
1 0.65625 0.581019 0.060937 0.162963
1 0.692708 0.521528 0.0875 0.172685
1 0.66224 0.284954 0.098437 0.151389
1 0.614453 0.187037 0.035156 0.147222
1 0.499349 0.134259 0.078385 0.155556
1 0.672266 0.888657 0.122135 0.222685
1 0.723307 0.826389 0.095573 0.181481
1 0.866927 0.721065 0.11875 0.185648
1 0.852083 0.863657 0.084375 0.109722
1 0.928516 0.915046 0.071615 0.089352
1 0.929818 0.807639 0.054427 0.138426
1 0.657943 0.103935 0.085156 0.1125
1 0.75599 0.080556 0.064062 0.085185
1 0.688802 0.042361 0.063021 0.046759
