0 0.334766 0.275463 0.045573 0.063889
3 0.683073 0.597454 0.056771 0.060648
1 0.585807 0.987269 0.02474 0.025463
1 0.416927 0.899306 0.092188 0.175463
1 0.346354 0.982176 0.044792 0.035648
1 0.241016 0.96875 0.07526 0.0625
1 0.148958 0.91088 0.142187 0.178241
1 0.033333 0.779167 0.066146 0.158333
1 0.239453 0.685417 0.083594 0.105093
1 0.296224 0.777083 0.066406 0.14213
1 0.364193 0.613194 0.11224 0.204167
1 0.35612 0.35787 0.096094 0.174074
1 0.464714 0.269907 0.076823 0.121296
1 0.389974 0.245833 0.072135 0.066667
1 0.449089 0.178472 0.066406 0.086574
1 0.525 0.10463 0.047917 0.048148
1 0.160286 0.383102 0.113281 0.141204
2 0.433724 0.505093 0.077865 0.24537
1 0.302214 0.023843 0.05599 0.046759
