1 0.406901 0.485185 0.035156 0.056481
3 0.611589 0.174769 0.03099 0.028241
3 0.670312 0.141898 0.032813 0.04213
1 0.815104 0.030324 0.065104 0.056944
1 0.82513 0.162037 0.11224 0.07963
1 0.938151 0.209028 0.122656 0.091204
1 0.704036 0.31088 0.08099 0.131019
1 0.66875 0.424306 0.106771 0.172685
1 0.596615 0.369907 0.084896 0.098148
1 0.508073 0.473843 0.097917 0.18287
1 0.028125 0.814815 0.055729 0.124074
1 0.305078 0.588889 0.048698 0.066667
1 0.447005 0.387269 0.065885 0.115278
1 0.367839 0.587963 0.058594 0.07963
1 0.212109 0.765509 0.072135 0.122685
1 0.291797 0.728472 0.05599 0.0625
1 0.417187 0.693287 0.064062 0.195833
1 0.35651 0.750463 0.055208 0.126852
1 0.295052 0.815509 0.077083 0.122685
1 0.338932 0.852083 0.04401 0.109722
1 0.348047 0.922917 0.039844 0.154167
1 0.130078 0.958796 0.059115 0.082407
1 0.035156 0.937269 0.065625 0.125463
1 0.28099 0.940046 0.089063 0.119907
2 0.521484 0.639583 0.092448 0.285648
3 0.175521 0.598843 0.048958 0.05787
1 0.11276 0.431019 0.055208 0.050926
1 0.590625 0.237269 0.059896 0.078241
