2 0.543099 0.370139 0.077865 0.235648
3 0.910026 0.844213 0.119531 0.131019
3 0.237891 0.443056 0.04974 0.043519
1 0.389974 0.850694 0.057552 0.138426
1 0.266536 0.550463 0.050781 0.074074
1 0.411198 0.964352 0.050521 0.071296
1 0.338411 0.867824 0.070573 0.16713
1 0.147396 0.93287 0.069792 0.134259
1 0.109896 0.937269 0.0625 0.125463
1 0.022396 0.770602 0.044271 0.104167
1 0.104297 0.711343 0.064323 0.093981
1 0.183203 0.724074 0.057552 0.082407
1 0.327604 0.689815 0.084375 0.116667
1 0.210156 0.934259 0.071354 0.131481
1 0.381901 0.636806 0.04974 0.154167
1 0.453906 0.409259 0.056771 0.14537
1 0.410807 0.425231 0.052865 0.0625
1 0.348177 0.428704 0.046354 0.052778
1 0.338932 0.525463 0.047135 0.048148
1 0.397135 0.531713 0.049479 0.078241
1 0.332422 0.581019 0.061719 0.082407
1 0.069792 0.609722 0.102604 0.102778
1 0.153385 0.315278 0.06875 0.056481
1 0.484375 0.213194 0.055208 0.122685
1 0.54388 0.226389 0.08099 0.137037
1 0.616406 0.149074 0.084375 0.076852
1 0.683594 0.209259 0.096354 0.168519
1 0.715365 0.084722 0.071354 0.111111
1 0.066536 0.456019 0.048177 0.058333
3 0.436979 0.287037 0.029687 0.02963
3 0.41888 0.320602 0.035156 0.036574
