0 0.502865 0.240741 0.035937 0.076852
1 0.874089 0.207407 0.059115 0.057407
1 0.918099 0.274074 0.05599 0.067593
1 0.927865 0.732176 0.052604 0.102315
1 0.807552 0.687269 0.041667 0.09213
1 0.765625 0.664583 0.067708 0.116204
3 0.748047 0.692361 0.046615 0.081944
1 0.78112 0.800694 0.10599 0.139352
1 0.911198 0.932639 0.078646 0.102315
1 0.811589 0.93287 0.084115 0.134259
1 0.604688 0.872685 0.088021 0.137037
1 0.547526 0.044444 0.060156 0.087963
1 0.517448 0.098843 0.049479 0.115278
1 0.609635 0.184259 0.073438 0.126852
1 0.744401 0.39375 0.03776 0.093056
1 0.665755 0.324769 0.046615 0.118056
1 0.620052 0.381944 0.049479 0.093519
1 0.576693 0.36088 0.048177 0.048611
1 0.676172 0.476389 0.038802 0.040741
1 0.692318 0.537037 0.061198 0.097222
1 0.623698 0.4625 0.052604 0.063889
1 0.616797 0.528472 0.063281 0.103241
1 0.564453 0.457639 0.046615 0.0625
1 0.548568 0.50463 0.078385 0.117593
1 0.460286 0.665972 0.085677 0.121759
1 0.474479 0.507407 0.063542 0.10463
1 0.487109 0.420602 0.084115 0.095833
1 0.521745 0.343056 0.048177 0.094444
1 0.463281 0.305093 0.056771 0.067593
1 0.395313 0.517593 0.075521 0.114815
1 0.368229 0.366435 0.084896 0.108796
1 0.313021 0.470139 0.071354 0.09213
1 0.424219 0.064352 0.058333 0.127778
1 0.439323 0.155324 0.019271 0.086574
1 0.235677 0.296065 0.065625 0.08287
1 0.210807 0.070833 0.076302 0.043519
1 0.145052 0.31088 0.071875 0.035648
1 0.066406 0.934259 0.132292 0.131481
1 0.280078 0.927083 0.11276 0.145833
1 0.276432 0.504167 0.05599 0.057407
1 0.20026 0.51713 0.059896 0.067593
1 0.260026 0.36088 0.06901 0.040278
1 0.108203 0.253704 0.070573 0.05463
1 0.305078 0.265741 0.055469 0.058333
1 0.081771 0.12037 0.091667 0.087037
3 0.855599 0.791667 0.055469 0.067593
1 0.223047 0.968056 0.116927 0.063889
