1 0.168099 0.482407 0.05026 0.065741
1 0.354818 0.188194 0.04974 0.074537
1 0.45026 0.081019 0.065625 0.118519
1 0.354427 0.34375 0.048958 0.078241
1 0.393099 0.355093 0.041927 0.103704
1 0.444531 0.381481 0.074479 0.125926
1 0.602865 0.07037 0.077083 0.137037
1 0.706641 0.165509 0.128385 0.119907
1 0.623307 0.223611 0.079948 0.133333
1 0.597917 0.482176 0.069792 0.121759
1 0.643359 0.557176 0.067969 0.139352
3 0.258724 0.622222 0.057552 0.05463
1 0.306901 0.666667 0.053906 0.071296
3 0.602604 0.652315 0.056771 0.072222
1 0.889323 0.569213 0.086979 0.085648
1 0.871354 0.67338 0.104688 0.16713
