3 0.014583 0.749537 0.026562 0.07037
2 0.242057 0.253241 0.044531 0.038889
3 0.83099 0.048148 0.032813 0.05463
3 0.208594 0.428472 0.05625 0.085648
3 0.175911 0.419213 0.014323 0.044907
2 0.511849 0.290741 0.101823 0.059259
2 0.239974 0.193981 0.052865 0.05
3 0.515755 0.723148 0.070573 0.100926
3 0.513932 0.663889 0.070052 0.085185
3 0.457031 0.44375 0.039062 0.052315
3 0.255208 0.957639 0.069271 0.084722
3 0.345703 0.581713 0.03151 0.053241
3 0.285807 0.218981 0.014844 0.021296
3 0.778776 0.324306 0.044531 0.041204
3 0.15 0.345139 0.021875 0.011574
3 0.138021 0.552778 0.047396 0.047222
3 0.272656 0.354398 0.035417 0.03287
