1 0.858854 0.275463 0.071875 0.087963
3 0.66888 0.073148 0.05026 0.033333
3 0.811979 0.16875 0.048958 0.036574
3 0.526042 0.880787 0.2 0.238426
3 0.017318 0.552778 0.034115 0.111111
3 0.910937 0.944676 0.097917 0.110648
3 0.813802 0.653009 0.116146 0.15787
3 0.6375 0.54213 0.107292 0.163889
3 0.838281 0.109028 0.08125 0.053241
3 0.811849 0.296528 0.06224 0.058796
3 0.750391 0.277546 0.05026 0.056019
1 0.771875 0.123843 0.064062 0.065278
1 0.947005 0.356944 0.095052 0.107407
1 0.918099 0.213194 0.105469 0.115278
