2 0.111458 0.312963 0.032813 0.069444
3 0.171745 0.510185 0.044531 0.039815
2 0.26888 0.187963 0.054427 0.047222
2 0.528385 0.277315 0.097396 0.059259
3 0.684766 0.490509 0.03151 0.03287
3 0.792969 0.31412 0.047917 0.0375
3 0.858464 0.062269 0.039844 0.056019
3 0.042318 0.683333 0.051302 0.073148
3 0.367057 0.541204 0.03151 0.049074
3 0.30026 0.330556 0.038542 0.031481
3 0.313021 0.212269 0.015625 0.010648
3 0.182812 0.320602 0.023958 0.006944
3 0.209245 0.391204 0.014844 0.035185
3 0.237891 0.400231 0.054427 0.075463
3 0.474349 0.421296 0.036198 0.053704
3 0.527995 0.630093 0.061198 0.086111
3 0.269661 0.889815 0.059635 0.100926
3 0.528646 0.682176 0.066667 0.093056
