3 0.021875 0.602546 0.026042 0.01713
3 0.038672 0.798611 0.061198 0.046296
3 0.597656 0.714815 0.028125 0.05463
3 0.445703 0.93125 0.057552 0.093981
3 0.053255 0.7 0.016927 0.047222
3 0.700651 0.46412 0.048177 0.048611
3 0.251693 0.872917 0.036198 0.071759
3 0.184115 0.423611 0.019792 0.019444
3 0.163411 0.597454 0.055469 0.041204
3 0.742708 0.151157 0.041146 0.052315
3 0.373047 0.67037 0.041927 0.064815
3 0.442578 0.97338 0.072135 0.053241
3 0.089453 0.706713 0.06849 0.106944
2 0.130078 0.39375 0.060156 0.064352
2 0.434245 0.477546 0.098177 0.068056
3 0.199219 0.132176 0.034896 0.026389
2 0.092839 0.156019 0.042448 0.05
