3 0.097917 0.326157 0.023958 0.018056
2 0.014063 0.333102 0.027604 0.090278
2 0.106901 0.011574 0.027865 0.022222
2 0.18138 0.176852 0.065365 0.047222
2 0.465365 0.216667 0.102604 0.058333
3 0.008594 0.719444 0.016667 0.05463
3 0.227865 0.312731 0.052083 0.03287
3 0.232682 0.193981 0.016406 0.023148
3 0.139063 0.386343 0.016146 0.034722
3 0.176823 0.388889 0.060417 0.081481
3 0.339453 0.494907 0.03151 0.055556
3 0.512891 0.5375 0.066406 0.080556
3 0.520703 0.581019 0.06849 0.088889
3 0.29401 0.864352 0.085417 0.130556
3 0.708333 0.215972 0.045312 0.0375
3 0.184505 0.22037 0.038281 0.016667
3 0.114193 0.5125 0.052344 0.039815
3 0.43151 0.359954 0.041667 0.051389
