3 0.653516 0.766667 0.059635 0.114815
3 0.190365 0.905787 0.060937 0.06713
3 0.726693 0.287963 0.042448 0.042593
3 0.673828 0.816898 0.073698 0.114352
3 0.229427 0.699074 0.069792 0.115741
3 0.457031 0.779861 0.03125 0.079167
3 0.224609 0.390046 0.023177 0.026389
3 0.513021 0.556019 0.044792 0.061111
3 0.270443 0.559028 0.051823 0.043981
3 0.602214 0.703935 0.052865 0.091204
3 0.164583 0.475231 0.044792 0.033796
2 0.502604 0.362963 0.104167 0.075
2 0.148177 0.378704 0.085938 0.058333
3 0.096615 0.622685 0.0375 0.04537
3 0.186068 0.681019 0.048698 0.10463
2 0.005859 0.703241 0.011198 0.073148
