2 0.509115 0.309722 0.108854 0.075926
2 0.16862 0.302778 0.076823 0.05463
3 0.739714 0.261806 0.052865 0.041204
3 0.235417 0.316435 0.017708 0.025463
3 0.179688 0.396065 0.038542 0.027315
3 0.267839 0.475 0.050781 0.043519
3 0.436458 0.698148 0.030729 0.075
3 0.170703 0.778241 0.054948 0.069444
3 0.652734 0.759954 0.073698 0.108796
3 0.63138 0.705556 0.069531 0.107407
3 0.50625 0.49537 0.045312 0.057407
3 0.220312 0.593981 0.064583 0.107407
3 0.181641 0.574537 0.042448 0.092593
3 0.101432 0.522917 0.036198 0.029167
2 0.022396 0.065972 0.044271 0.060648
2 0.011979 0.571296 0.023438 0.108333
