1 0.181641 0.520833 0.058073 0.069444
1 0.496354 0.077315 0.080729 0.133333
1 0.382552 0.184259 0.053125 0.07963
1 0.379818 0.365741 0.057552 0.082407
1 0.423437 0.405787 0.053125 0.124537
1 0.486719 0.436111 0.098437 0.165741
1 0.683464 0.072917 0.096094 0.139352
1 0.715365 0.246296 0.101042 0.165741
1 0.820182 0.168056 0.144531 0.164815
1 0.678906 0.563426 0.095312 0.144444
1 0.742188 0.677778 0.09375 0.183333
3 0.688281 0.784259 0.073438 0.108333
3 0.274219 0.705787 0.067187 0.059722
1 0.326693 0.77662 0.06224 0.110648
