1 0.087109 0.68287 0.061719 0.118519
2 0.240625 0.423843 0.072917 0.070833
1 0.024219 0.725694 0.047917 0.120833
1 0.420964 0.105324 0.041927 0.094907
1 0.516406 0.147685 0.066667 0.097222
1 0.955729 0.218519 0.080729 0.046296
1 0.747656 0.430093 0.074479 0.096296
1 0.66875 0.405093 0.058854 0.061111
1 0.364583 0.55463 0.050521 0.062037
3 0.452344 0.51412 0.041146 0.073611
3 0.413281 0.637963 0.048958 0.075926
3 0.516016 0.738657 0.063281 0.102315
3 0.879297 0.73125 0.08151 0.089352
1 0.852604 0.425 0.082812 0.068519
