3 0.666927 0.206713 0.050521 0.041204
2 0.017578 0.094213 0.034635 0.060648
2 0.170443 0.142361 0.059635 0.0375
2 0.428385 0.195833 0.094792 0.053704
3 0.576172 0.356944 0.02526 0.017593
3 0.282682 0.438426 0.032031 0.043519
3 0.205208 0.266898 0.039583 0.026389
3 0.144141 0.331481 0.057031 0.074074
3 0.111458 0.329167 0.011979 0.031481
3 0.080078 0.435185 0.042969 0.039815
3 0.382682 0.323843 0.033594 0.04213
3 0.435937 0.488657 0.061979 0.072685
3 0.439453 0.530324 0.061719 0.078241
1 0.916667 0.475694 0.120313 0.181944
3 0.203776 0.74838 0.074219 0.0875
3 0.083203 0.272454 0.02474 0.015278
3 0.215104 0.159491 0.011458 0.015278
3 0.170443 0.18287 0.033594 0.023148
