0 0.870443 0.672454 0.025781 0.034722
0 0.943099 0.568287 0.024219 0.034722
0 0.882552 0.60162 0.020313 0.041204
0 0.815625 0.62662 0.01875 0.035648
0 0.616016 0.598611 0.02526 0.037037
0 0.694141 0.646065 0.035156 0.056944
0 0.561068 0.896528 0.089844 0.155093
0 0.388932 0.870833 0.04974 0.090741
0 0.482943 0.603704 0.05599 0.10463
0 0.439844 0.599074 0.030729 0.073148
0 0.369531 0.631019 0.078646 0.112037
0 0.304297 0.631713 0.055469 0.088426
0 0.403646 0.346991 0.017188 0.034722
0 0.313411 0.28287 0.025781 0.044444
0 0.08151 0.3875 0.043229 0.065741
0 0.50612 0.451389 0.02526 0.037963
0 0.580729 0.459028 0.022396 0.045833
0 0.53151 0.508333 0.016667 0.044444
