0 0.969141 0.616204 0.020052 0.02963
0 0.959245 0.703704 0.021615 0.032407
0 0.812109 0.536111 0.020052 0.02963
0 0.808203 0.593287 0.022135 0.04213
0 0.81888 0.775463 0.023698 0.050926
0 0.895182 0.65625 0.027344 0.04213
0 0.775781 0.715741 0.034896 0.058333
0 0.681901 0.627315 0.029948 0.05
0 0.516667 0.710648 0.043229 0.068519
0 0.561068 0.745602 0.061719 0.123611
0 0.444401 0.838889 0.101823 0.164815
0 0.363802 0.76875 0.053125 0.102315
0 0.45612 0.324306 0.017969 0.031944
0 0.132161 0.415046 0.041927 0.070833
0 0.364193 0.262963 0.027344 0.051852
0 0.256901 0.337037 0.019531 0.02963
0 0.558854 0.455093 0.025 0.040741
0 0.637891 0.452083 0.023698 0.04213
0 0.589974 0.52963 0.019531 0.034259
