0 0.728776 0.305093 0.025781 0.055556
0 0.163151 0.594213 0.026823 0.056019
0 0.815365 0.203009 0.027604 0.043056
2 0.315365 0.557407 0.05 0.05
0 0.238542 0.725463 0.054688 0.123148
0 0.394922 0.72037 0.025781 0.049074
0 0.435286 0.6625 0.063802 0.098148
0 0.235417 0.514583 0.053125 0.076389
0 0.266406 0.396528 0.057292 0.084722
0 0.329167 0.400463 0.021875 0.040741
0 0.447656 0.446296 0.026562 0.04537
0 0.430599 0.427778 0.023177 0.027778
0 0.70638 0.134028 0.032031 0.045833
0 0.908203 0.385185 0.047656 0.07037
0 0.851172 0.172685 0.024219 0.05
