000003
000004
000008
000010
000012
000013
000014
000015
000016
000017
000018
000021
000022
000023
000024
000025
000027
000028
000029
000030
000031
000032
000033
000034
000035
000037
000038
000039
000040
000041
000042
000043
000045
000047
000049
000050
000052
000053
000055
000058
000059
000060
000061
000063
000064
000066
000067
000068
000069
000070
000071
000072
000073
000075
000076
000077
000078
000079
000080
000081
000082
000083
000085
000086
000089
000091
000093
000094
000095
000096
000097
000098
000099
000100
000101
000102
000103
000104
000105
000106
000108
000109
000111
000112
000113
000114
000115
000118
000120
000121
000122
000123
000124
000125
000126
000127
000129
000130
000131
000132
000133
000134
000135
000136
000138
000139
000140
000141
000142
000143
000144
000145
000147
000149
000150
000151
000152
000153
000154
000155
000157
000159
000160
000161
000162
000163
000164
000165
000166
000167
000168
000172
000175
000176
000178
000179
000181
000182
000184
000185
000186
000187
000188
000189
000191
000194
000195
000196
000197
000198
000199
000200
000201
000202
000204
000205
000206
000208
000209
000210
000211
000212
000213
000214
000215
000217
000219
000220
000221
000222
000223
000224
000225
000226
000227
000228
000229
000230
000232
000233
000235
000237
000238
000239
000240
000241
000244
000245
000246
000247
000248
000249
000250
000252
000253
000254
000255
000256
000257
000258
000259
000260
000263
000264
000266
000267
000268
000270
000271
000272
000274
000275
000276
000277
000278
000280
000281
000282
000283
000284
000285
000287
000288
000289
000291
000292
000294
000296
000297
000299
000300
000301
000302
000303
000304
000305
000306
000307
000308
000310
000312
000315
000316
000317
000319
000320
000321
000323
000324
000327
000328
000329
000330
000331
000332
000333
000335
000336
000338
000341
000343
000344
000345
000346
000348
000349
000352
000353
000355
000356
000357
000358
000359
000360
000361
000362
000363
000364
000365
000366
000367
000368
000370
000371
000373
000375
000376
000377
000379
000380
000381
000382
000384
000385
000386
000387
000388
000389
000390
000391
000392
000393
000394
000395
000396
000397
000398
000399
000401
000402
000404
000405
000406
000407
000408
000409
000410
000411
000412
000413
000414
000415
000416
000417
000418
000419
000420
000423
000424
000427
000429
000430
000431
000432
000433
000434
000435
000436
000439
000440
000441
000442
000443
000444
000445
000447
000449
000450
000451
000453
000454
000455
000456
000457
000458
000460
000461
000462
000463
000464
000465
000466
000467
000468
000469
000470
000471
000472
000473
000474
000475
000476
000477
000478
000479
000480
000482
000483
000484
000485
000486
000487
000488
000489
000491
000492
000493
000495
000496
000498
000499
000502
000503
000506
000507
000508
000509
000513
000514
000515
000516
000518
000519
000520
000523
000526
000527
000528
000529
000530
000531
000532
000533
000535
000536
000538
000539
000540
000542
000543
000544
000546
000547
000548
000549
000550
000551
000553
000554
000555
000557
000558
000559
000560
000561
000562
000564
000565
000567
000568
000569
000570
000571
000572
000573
000574
000575
000576
000578
000579
000580
000582
000583
000585
000586
000587
000588
000591
000592
000593
000594
000595
000596
000597
000598
000599
000600
000602
000603
000604
000605
000609
000610
000611
000614
000615
000616
000618
000619
000620
000622
000623
000624
000625
000626
000627
000629
000630
000631
000633
000634
000635
000636
000637
000638
000640
000641
000642
000643
000644
000645
000646
000647
000649
000650
000655
000656
000657
000659
000660
000662
000664
000666
000667
000668
000669
000670
000671
000672
000673
000674
000676
000677
000678
000679
000680
000681
000682
000683
000684
000685
000687
000688
000689
000690
000691
000692
000693
000694
000695
000696
000697
000698
000699
000700
000701
000702
000704
000705
000706
000707
000709
000710
000711
000714
000715
000717
000718
000721
000722
000723
000725
000726
000727
000728
000729
000730
000731
000732
000733
000734
000736
000739
000740
000743
000744
000745
000746
000747
000749
000750
000751
000752
000753
000754
000755
000756
000758
000759
000760
000761
000763
000764
000765
000766
000767
000768
000770
000771
000772
000773
000774
000775
000776
000777
000778
000779
000780
000781
000782
000783
000784
000785
000786
000788
000789
000791
000792
000793
000795
000797
000798
000799
000801
000802
000803
000804
000805
000806
000807
000808
000809
000811
000812
000813
000814
000815
000819
000820
000821
000822
000823
000824
000825
000827
000828
000830
000831
000833
000834
000835
000836
000837
000839
000840
000841
000842
000844
000845
000847
000848
000849
000850
000852
000853
000854
000855
000857
000859
000860
000861
000864
000865
000867
000868
000869
000871
000872
000873
000874
000875
000877
000878
000879
000880
000881
000882
000883
000884
000885
000887
000888
000890
000894
000895
000896
000899
000900
000901
000903
000904
000905
000906
000908
000910
000912
000914
000915
000916
000918
000919
000921
000922
000923
000924
000926
000928
000930
000931
000932
000933
000934
000935
000936
000937
000938
000939
000940
000942
000943
000944
000947
000948
000949
000952
000953
000954
000956
000957
000960
000961
000962
000963
000964
000965
000966
000967
000968
000969
000970
000971
000972
000973
000976
000977
000978
000979
000982
000983
000984
000985
000986
000988
000989
000991
000993
000995
000996
000997
000999
001000
001001
001002
001003
001004
001005
001006
001008
001009
001011
001012
001013
001014
001015
001016
001017
001018
001019
001020
001021
001022
001024
001025
001026
001027
001028
001029
001030
001031
001032
001033
001034
001035
001037
001038
001039
001040
001041
001042
001044
001045
001046
001047
001048
001049
001050
001051
001053
001057
001058
001059
001060
001061
001062
001063
001064
001066
001069
001070
001071
001072
001075
001077
001078
001079
001080
001082
001085
001086
001087
001088
001089
001090
001091
001094
001095
001097
001098
001099
001100
001101
001102
001103
001104
001105
001106
001107
001108
001109
001111
001112
001113
001114
001115
001116
001117
001119
001120
001121
001122
001172
001174
001175
001177
001178
001179
001180
001181
001182
001183
001184
001185
001186
001187
001188
001189
001190
001191
001192
001193
001194
001196
001197
001199
001200
001201
001202
001203
001206
001208
001210
001211
001212
001213
001214
001215
001217
001218
001219
001220
001221
001222
001223
001224
001225
001226
001227
001228
001230
001231
001232
001233
001234
001237
001238
001239
001240
001241
001242
001243
001244
001245
001246
001248
001249
001250
001251
001252
001253
001256
001257
001258
001259
001260
001261
001262
001263
001264
001266
001268
001269
001270
001271
001272
001274
001275
001276
001279
001280
001281
001282
001283
001284
001285
001286
001288
001289
001291
001292
001293
001295
001296
001297
001298
001299
001301
001302
001303
001304
001305
001306
001307
001308
001309
001310
001311
001314
001315
001316
001318
001319
001320
001322
001323
001324
001325
001326
001327
001328
001329
001330
001331
001332
001333
001334
001335
001336
001337
001338
001339
001340
001341
001342
001343
001344
001345
001346
001347
001350
001351
001352
001354
001355
001356
001358
001359
001361
001362
001363
001364
001365
001366
001369
001370
001371
001372
001374
001375
001376
001377
001378
001379
001380
001381
001383
001384
001385
001386
001387
001388
001389
001390
001391
001392
001393
001395
001396
001398
001399
001400
001401
001402
001404
001406
001407
001409
001410
001411
001412
001413
001414
001415
001417
001418
001419
001420
001422
001423
001424
001425
001429
001430
001431
001432
001433
001434
001435
001437
001438
001439
001440
001441
001444
001445
001446
001447
001448
001449
001450
001451
001453
001454
001456
001457
001458
001459
001460
001461
001462
001463
001465
001466
001467
001468
001470
001473
001474
001475
001476
001478
001479
001480
001481
001482
001484
001488
001490
001491
001492
001493
001494
001496
001497
001498
001499
001501
001502
001503
001504
001505
001506
001507
001508
001509
001510
001511
001512
001515
001518
001519
001520
001521
001522
001523
001524
001527
001528
001529
001530
001531
001532
001533
001534
001535
001538
001539
001540
001541
001542
001543
001544
001545
001546
001547
001548
001549
001550
001552
001553
001554
001555
001556
001557
001559
001560
001561
001563
001566
001567
001568
001570
001571
001572
001574
001575
001576
001577
001579
001580
001581
001583
001584
001585
001586
001587
001588
001589
001590
001592
001593
001594
001595
001596
001597
001598
001599
001601
001602
001603
001604
001605
001606
001608
001609
001610
001611
001612
001613
001614
001615
001616
001618
001620
001621
001622
001623
001624
001625
001626
001627
001629
001631
001632
001633
001634
001637
001638
001639
001640
001642
001643
001644
001645
001648
001649
001650
001652
001654
001655
001656
001657
001662
001663
001664
001667
001668
001669
001670
001671
001673
001674
001675
001676
001678
001679
001681
001682
001683
001684
001685
001686
001687
001688
001689
001690
001691
001693
001694
001695
001696
001697
001698
001699
001702
001703
001704
001705
001706
001707
001708
001709
001710
001713
001714
001715
001716
001717
001718
001719
001720
001721
001722
001723
001724
001726
001727
001729
001730
001731
001732
001733
001734
001735
001736
001737
001738
001739
001740
001741
001742
001743
001745
001746
001747
001748
001749
001750
001751
001752
001753
001754
001756
001757
001758
001759
001760
001761
001762
001763
001764
001765
001766
001767
001768
001771
001772
001773
001775
001776
001777
001779
001780
001781
001782
001783
001785
001786
001787
001788
001789
001790
001791
001792
001793
001794
001795
001796
001797
001798
001799
001800
001801
001803
001804
001805
001806
001807
001808
001811
001812
001813
001814
001816
001817
001819
001820
001821
001822
001824
001825
001826
001827
001829
001830
001831
001833
001834
001835
001836
001837
001838
001839
001840
001841
001842
001844
001846
001847
001848
001850
001853
001854
001855
001856
001857
001858
001859
001860
001861
001862
001863
001864
001865
001866
001867
001868
001871
001872
001873
001874
001875
001877
001878
001879
001881
001882
001883
001884
001885
001886
001888
001889
001890
001892
001893
001894
001895
001896
001897
001898
001899
001901
001902
001903
001904
001905
001907
001908
001909
001910
001911
001912
001913
001914
001915
001916
001917
001918
001919
001920
001921
001922
001925
001926
001927
001928
001930
001931
001932
001933
001934
001935
001936
001938
001939
001940
001941
001943
001944
001945
001946
001948
001949
001950
001951
001953
001954
001955
001956
001958
001959
001961
001962
001963
001964
001965
001967
001968
001969
001970
001971
001973
001974
001975
001976
001977
001978
001979
001981
001982
001984
001985
001986
001987
001988
001989
001990
001991
001992
001993
001994
001995
001996
001997
001998
001999
002000
002001
002002
002003
002004
002006
002007
002008
002009
002013
002015
002016
002017
002018
002019
002020
002021
002022
002023
002024
002026
002027
002028
002029
002030
002031
002032
002033
002035
002036
002037
002038
002039
002040
002041
002042
002043
002044
002045
002046
002047
002048
002050
002051
002052
002056
002057
002058
002060
002061
002063
002064
002065
002066
002067
002068
002069
002070
002071
002072
002073
002075
002076
002077
002078
002079
002080
002081
002082
002083
002084
002087
002088
002089
002090
002091
002093
002095
002096
002097
002099
002100
002103
002104
002105
002106
002108
002109
002110
002111
002112
002113
002114
002116
002117
002118
002119
002120
002121
002122
002123
002125
002126
002128
002129
002130
002131
002133
002134
002136
002138
002139
002140
002141
002142
002143
002144
002145
002146
002147
002148
002149
002150
002151
002152
002153
002155
002156
002158
002159
002160
002161
002163
002164
002165
002166
002168
002169
002171
002172
002173
002174
002175
002177
002178
002179
002180
002181
002183
002184
002185
002187
002188
002189
002190
002192
002194
002195
002196
002197
002198
002199
002201
002202
002203
002204
002205
002206
002207
002208
002209
002210
002211
002212
002213
002214
002215
002218
002219
002221
002222
002223
002224
002226
002227
002228
002229
002230
002231
002232
002235
002236
002237
002240
002241
002242
002243
002245
002246
002247
002248
002250
002252
002253
002254
002255
002256
002257
002259
002260
002261
002263
002265
002267
002268
002269
002272
002274
002275
002276
002277
002278
002279
002280
002281
002282
002283
002284
002285
002288
002289
002290
002292
002293
002294
002295
002296
002297
002299
002300
002301
002302
002303
002304
002305
002306
002307
002308
002309
002311
002312
002313
002314
002316
002317
002319
002320
002321
002322
002323
002324
002325
002326
002327
002329
002330
002331
002332
002333
002334
002335
002337
002338
002339
002340
002341
002342
002343
002344
002345
002346
002347
002348
002349
002350
002351
002352
002353
002354
002355
002356
002357
002358
002359
002361
002362
002364
002365
002366
002367
002369
002370
002371
002372
002374
002375
002376
002377
002378
002380
002381
002383
002385
002386
002387
002388
002390
002391
002392
002393
002394
002396
002397
002398
002399
002400
002401
002402
002403
002404
002405
002406
002407
002408
002410
002411
002412
002413
002414
002415
002416
002417
002418
002419
002420
002421
002422
002423
002424
002425
002428
002429
002430
002431
002433
002434
002435
002436
002437
002438
002439
002440
002441
002442
002443
002444
002445
002446
002447
002448
002449
002450
002452
002453
002454
002455
002456
002457
002458
002459
002461
002462
002463
002464
002465
002466
002467
002468
002469
002470
002471
002472
002473
002474
002476
002477
002478
002479
002480
002482
002485
002486
002487
002488
002490
002491
002492
002493
002494
002495
002496
002497
002498
002499
002501
002502
002503
002504
002505
002506
002507
002508
002509
002510
002512
002514
002515
002517
002518
002519
002520
002521
002523
002525
002526
002527
002529
002531
002533
002535
002536
002537
002538
002539
002540
002541
002542
002543
002544
002545
002547
002549
002550
002551
002554
002555
002556
002557
002558
002559
002560
002561
002563
002564
002568
002569
002570
002571
002572
002573
002575
002576
002579
002580
002581
002583
002584
002586
002588
002591
002592
002593
002594
002595
002597
002599
002600
002602
002603
002605
002606
002609
002611
002612
002613
002614
002616
002617
002618
002619
002620
002621
002622
002623
002624
002625
002626
002627
002628
002629
002630
002631
002632
002633
002634
002635
002636
002638
002639
002640
002641
002643
002644
002645
002646
002647
002649
002651
002652
002654
002656
002657
002658
002659
002661
002662
002664
002665
002666
002668
002670
002671
002673
002674
002675
002676
002678
002679
002680
002681
002682
002687
002688
002689
002690
002692
002693
002697
002699
002700
002701
002702
002703
002704
002705
002707
002708
002712
002714
002715
002716
002717
002718
002719
002720
002721
002722
002723
002724
002725
002726
002727
002728
002731
002732
002733
002734
002735
002736
002737
002738
002739
002740
002741
002742
002744
002745
002747
002748
002749
002750
002751
002752
002753
002755
002756
002757
002759
002760
002762
002764
002766
002768
002769
002770
002771
002773
002774
002775
002776
002777
002779
002780
002781
002782
002783
002785
002786
002787
002790
002791
002792
002793
002794
002795
002796
002797
002798
002799
002800
002801
002802
002803
002804
002805
002808
002809
002810
002811
002813
002814
002815
002816
002818
002820
002821
002822
002823
002824
002826
002827
002829
002830
002831
002832
002833
002834
002835
002836
002837
002838
002839
002840
002841
002843
002844
002845
002846
002848
002849
002850
002851
002852
002854
002855
002857
002859
002860
002861
002862
002863
002864
002865
002869
002870
002871
002873
002874
002875
002876
002877
002878
002879
002880
002881
002883
002885
002886
002887
002889
002890
002892
002894
002895
002896
002897
002898
002899
002900
002901
002902
002903
002904
002906
002907
002908
002909
002910
002911
002912
002913
002914
002915
002916
002917
002918
002919
002920
002921
002922
002923
002924
002925
002927
002929
002930
002931
002932
002933
002934
002935
002936
002937
002938
002939
002940
002941
002942
002943
002944
002945
002946
002947
002949
002950
002951
002952
002953
002954
002955
002956
002957
002958
002959
002960
002961
002963
002964
002965
002966
002967
002968
002969
002970
002971
002972
002973
002974
002975
002977
002978
002980
002981
002982
002983
002984
002985
002986
002987
002988
002989
002990
002991
002993
002994
002995
002996
002997
002998
002999
003000
003001
003002
003003
003004
003005
003006
003007
003009
003011
003012
003013
003015
003016
003017
003018
003020
003021
003022
003024
003026
003027
003028
003029
003030
003031
003032
003034
003035
003036
003037
003038
003039
003041
003042
003043
003044
003045
003046
003047
003049
003050
003051
003053
003054
003055
003057
003058
003059
003060
003061
003062
003064
003067
003068
003069
003071
003072
003075
003076
003077
003078
003081
003082
003083
003084
003087
003088
003089
003090
003093
003094
003095
003096
003097
003098
003099
003102
003103
003104
003105
003106
003107
003108
003109
003110
003111
003112
003113
003114
003116
003117
003118
003119
003120
003121
003122
003124
003126
003129
003131
003132
003133
003134
003136
003137
003138
003139
003140
003141
003143
003144
003145
003147
003148
003150
003151
003152
003153
003154
003155
003156
003158
003159
003160
003161
003162
003163
003164
003165
003166
003167
003168
003169
003170
003171
003172
003174
003175
003176
003177
003179
003181
003182
003183
003184
003186
003187
003188
003190
003191
003192
003193
003196
003197
003199
003200
003202
003203
003204
003219
003220
003222
003223
003224
003225
003226
003228
003229
003230
003231
003233
003234
003235
003236
003237
003238
003239
003241
003242
003243
003244
003245
003246
003247
003248
003249
003251
003252
003254
003256
003259
003261
003262
003263
003265
003266
003268
003269
003270
003271
003272
003273
003274
003275
003276
003277
003278
003279
003280
003281
003283
003284
003285
003286
003287
003288
003289
003290
003292
003293
003294
003295
003296
003298
003299
003302
003303
003304
003308
003309
003310
003311
003312
003313
003315
003316
003317
003318
003319
003321
003322
003323
003324
003325
003327
003328
003329
003330
003332
003334
003335
003336
003337
003338
003339
003340
003341
003342
003343
003344
003347
003348
003349
003350
003351
003352
003354
003355
003356
003357
003358
003359
003360
003361
003362
003363
003364
003366
003367
003368
003369
003370
003371
003372
003373
003374
003375
003376
003377
003381
003382
003383
003384
003385
003386
003387
003388
003389
003390
003393
003396
003397
003398
003399
003400
003401
003404
003405
003406
003407
003409
003410
003411
003412
003413
003414
003415
003416
003419
003421
003422
003424
003425
003426
003428
003429
003430
003431
003433
003434
003435
003436
003437
003438
003440
003441
003442
003443
003444
003445
003446
003448
003449
003450
003451
003452
003453
003454
003455
003456
003457
003458
003459
003460
003463
003464
003465
003466
003467
003468
003469
003470
003472
003473
003474
003475
003476
003477
003478
003480
003481
003482
003484
003485
003486
003488
003489
003490
003491
003493
003494
003495
003496
003498
003499
003500
003502
003504
003505
003506
003507
003508
003509
003512
003514
003515
003517
003518
003519
003520
003521
003523
003524
003525
003528
003529
003530
003531
003532
003533
003534
003535
003536
003537
003538
003539
003541
003542
003543
003544
003545
003546
003547
003548
003550
003552
003554
003556
003557
003558
003560
003561
003562
003563
003566
003568
003569
003570
003571
003572
003574
003575
003576
003577
003578
003579
003580
003582
003583
003584
003585
003586
003589
003590
003591
003592
003593
003594
003595
003596
003598
003599
003600
003601
003602
003603
003604
003605
003606
003608
003609
003610
003611
003612
003613
003615
003617
003618
003619
003620
003623
003624
003626
003627
003628
003629
003630
003631
003633
003634
003635
003636
003637
003638
003639
003641
003642
003644
003645
003646
003647
003648
003649
003650
003651
003652
003653
003654
003655
003656
003657
003658
003660
003661
003662
003663
003664
003665
003667
003668
003670
003674
003675
003676
003677
003678
003679
003680
003681
003682
003684
003685
003686
003687
003688
003689
003691
003693
003695
003698
003699
003700
003701
003702
003703
003704
003706
003707
003708
003709
003710
003711
003712
003713
003714
003715
003717
003718
003720
003721
003722
003723
003725
003726
003727
003729
003730
003731
003732
003733
003734
003735
003736
003737
003738
003739
003740
003741
003743
003744
003745
003746
003748
003749
003750
003751
003752
003753
003754
003755
003757
003758
003759
003760
003761
003762
003763
003764
003765
003766
003768
003769
003770
003771
003773
003774
003776
003777
003778
003779
003780
003781
003782
003783
003784
003785
003786
003789
003790
003791
003793
003794
003795
003796
003797
003798
003799
003800
003802
003803
003804
003809
003810
003811
003812
003813
003814
003815
003816
003817
003819
003820
003821
003824
003825
003826
003827
003828
003829
003831
003832
003833
003834
003835
003836
003837
003838
003839
003840
003842
003843
003844
003846
003847
003848
003849
003850
003851
003852
003853
003854
003855
003856
003857
003858
003859
003860
003861
003863
003865
003866
003868
003869
003870
003871
003873
003874
003875
003878
003880
003882
003883
003884
003885
003886
003887
003889
003890
003891
003892
003893
003894
003896
003897
003898
003899
003900
003902
003903
003904
003905
003907
003909
003910
003911
003912
003914
003915
003916
003917
003918
003920
003921
003922
003923
003924
003925
003926
003927
003928
003929
003930
003931
003933
003935
003936
003937
003939
003940
003941
003942
003943
003944
003945
003947
003949
003951
003952
003954
003955
003957
003958
003959
003960
003961
003962
003963
003966
003968
003969
003970
003971
003972
003973
003974
003975
003976
003977
003978
003979
003980
003981
003982
003983
003985
003986
003987
003988
003989
003990
003991
003992
003993
003995
003997
003998
004001
004004
004005
004007
004008
004009
004010
004011
004012
004013
004014
004015
004016
004017
004018
004020
004021
004026
004027
004028
004029
004030
004031
004032
004033
004034
004035
004036
004037
004038
004039
004040
004041
004043
004044
004045
004046
004049
004050
004052
004053
004055
004056
004057
004059
004060
004061
004064
004066
004067
004068
004069
004070
004071
004072
004073
004074
004075
004076
004077
004078
004079
004080
004081
004082
004083
004087
004088
004089
004090
004091
004092
004093
004094
004095
004097
004098
004099
004100
004101
004102
004103
004104
004105
004106
004107
004108
004109
004110
004111
004113
004114
004115
004116
004117
004118
004119
004120
004121
004122
004123
004124
004125
004127
004128
004130
004131
004132
004137
004138
004139
004140
004141
004142
004143
004144
004145
004146
004147
004148
004150
004151
004152
004153
004155
004156
004158
004160
004161
004162
004165
004166
004167
004168
004169
004170
004172
004174
004175
004176
004177
004178
004180
004181
004182
004183
004184
004185
004188
004189
004190
004192
004193
004194
004195
004198
004199
004200
004201
004203
004204
004205
004206
004207
004208
004209
004212
004213
004214
004216
004217
004218
004219
004220
004221
004223
004226
004227
004228
004230
004231
004232
004233
004234
004237
004238
004239
004240
004242
004243
004244
004245
004246
004247
004248
004249
004250
004251
004253
004254
004255
004256
004257
004259
004261
004262
004263
004264
004265
004266
004267
004268
004269
004270
004271
004272
004274
004275
004276
004277
004278
004279
004280
004281
004282
004283
004284
004286
004287
004289
004291
004293
004294
004295
004297
004298
004299
004300
004301
004302
004303
004304
004306
004307
004308
004311
004313
004314
004315
004316
004317
004318
004319
004323
004324
004325
004326
004327
004328
004329
004330
004331
004332
004333
004334
004337
004338
004339
004340
004342
004343
004344
004345
004346
004347
004350
004351
004352
004353
004354
004355
004357
004358
004360
004361
004364
004365
004367
004368
004369
004370
004371
004372
004373
004374
004376
004377
004378
004379
004380
004381
004382
004383
004384
004385
004386
004387
004388
004389
004390
004391
004393
004394
004395
004397
004398
004399
004400
004401
004402
004403
004405
004407
004408
004409
004410
004411
004412
004413
004414
004415
004416
004417
004420
004421
004422
004423
004424
004425
004428
004431
004432
004433
004434
004436
004437
004441
004442
004443
004444
004445
004447
004448
004449
004450
004451
004452
004453
004454
004455
004456
004457
004458
004459
004460
004461
004462
004463
004465
004467
004468
004469
004472
004473
004474
004475
004476
004478
004479
004482
004483
004484
004488
004489
004490
004491
004492
004495
004496
004497
004498
004500
004501
004502
004503
004504
004505
004507
004509
004511
004513
004515
004516
004518
004519
004520
004522
004523
004524
004525
004526
004527
004528
004529
004530
004531
004533
004535
004536
004537
004539
004540
004543
004544
004545
004547
004548
004549
004550
004551
004552
004553
004554
004555
004556
004557
004558
004559
004560
004561
004562
004563
004564
004566
004567
004570
004571
004572
004573
004574
004575
004577
004578
004582
004583
004584
004586
004587
004589
004591
004592
004593
004594
004595
004596
004597
004598
004599
004601
004602
004603
004604
004606
004607
004608
004609
004610
004611
004612
004613
004614
004615
004617
004618
004620
004621
004623
004624
004626
004627
004628
004629
004631
004632
004633
004634
004635
004636
004638
004639
004640
004641
004642
004643
004644
004645
004646
004647
004649
004650
004651
004652
004654
004656
004658
004659
004660
004661
004663
004665
004667
004668
004670
004671
004674
004676
004677
004678
004679
004680
004681
004682
004684
004685
004686
004687
004688
004689
004690
004691
004692
004693
004695
004696
004697
004698
004699
004700
004701
004703
004704
004705
004706
004707
004708
004710
004711
004712
004713
004714
004719
004720
004721
004722
004724
004725
004726
004727
004728
004729
004730
004731
004732
004733
004734
004735
004736
004737
004738
004739
004740
004742
004743
004745
004747
004748
004751
004752
004753
004756
004757
004758
004759
004761
004764
004765
004767
004769
004770
004771
004772
004774
004776
004778
004779
004780
004781
004782
004783
004784
004785
004786
004787
004789
004790
004791
004792
004793
004794
004795
004798
004799
004800
004801
004802
004803
004804
004805
004806
004808
004809
004810
004811
004813
004814
004815
004816
004817
004820
004821
004822
004823
004824
004825
004826
004827
004829
004831
004832
004834
004835
004836
004837
004839
004840
004841
004843
004844
004845
004846
004847
004848
004849
004850
004852
004853
004854
004855
004857
004858
004861
004862
004863
004864
004865
004866
004867
004868
004869
004870
004871
004872
004873
004875
004876
004877
004878
004879
004880
004881
004884
004885
004886
004887
004888
004890
004891
004892
004893
004894
004895
004896
004897
004898
004900
004902
004903
004904
004905
004907
004908
004909
004910
004911
004912
004914
004915
004916
004918
004919
004920
004921
004923
004924
004925
004926
004928
004929
004930
004932
004933
004934
004935
004936
004937
004938
004939
004941
004942
004943
004944
004945
004946
004947
004948
004949
004950
004951
004953
004955
004956
004958
004959
004960
004962
004963
004964
004965
004966
004967
004968
004970
004971
004972
004976
004978
004979
004980
004981
004982
004983
004984
004985
004986
004987
004988
004989
004992
004993
004994
004995
004997
004998
004999
005000
005001
005002
005004
005005
005006
005007
005008
005009
005011
005012
005013
005014
005015
005016
005017
005018
005019
005021
005022
005023
005025
005027
005029
005030
005031
005032
005033
005034
005035
005036
005037
005038
005039
005040
005041
005042
005043
005044
005046
005047
005048
005049
005050
005051
005052
005053
005054
005056
005057
005060
005061
005063
005064
005065
005066
005069
005070
005072
005073
005074
005076
005077
005078
005079
005081
005082
005083
005085
005086
005087
005088
005089
005091
005093
005094
005095
005097
005099
005100
005101
005102
005103
005104
005106
005107
005108
005109
005110
005111
005112
005114
005115
005116
005118
005119
005120
005121
005122
005123
005124
005125
005126
005127
005128
005129
005130
005131
005132
005133
005135
005136
005137
005138
005139
005140
005142
005143
005144
005145
005146
005147
005148
005150
005151
005152
005155
005156
005158
005160
005161
005163
005164
005167
005168
005169
005170
005171
005172
005175
005178
005179
005181
005182
005183
005184
005185
005186
005188
005189
005190
005192
005193
005194
005195
005197
005199
005200
005201
005205
005206
005207
005208
005209
005210
005211
005213
005214
005215
005216
005217
005222
005223
005224
005225
005227
005228
005229
005231
005232
005233
005234
005235
005236
005237
005239
005240
005241
005242
005243
005244
005245
005246
005247
005249
005250
005251
005253
005254
005255
005256
005257
005258
005259
005260
005261
005262
005263
005264
005265
005270
005271
005273
005274
005276
005277
005279
005280
005281
005282
005283
005284
005285
005286
005288
005289
005290
005292
005293
005295
005296
005297
005298
005299
005300
005302
005305
005306
005307
005308
005310
005311
005312
005313
005314
005315
005316
005317
005318
005319
005320
005321
005322
005323
005324
005325
005326
005328
005329
005330
005331
005332
005333
005336
005337
005338
005339
005340
005341
005342
005345
005347
005348
005349
005350
005352
005353
005354
005355
005357
005358
005359
005360
005361
005364
005365
005369
005370
005371
005373
005374
005375
005376
005377
005378
005380
005382
005384
005385
005386
005387
005388
005389
005391
005392
005393
005394
005395
005396
005397
005398
005399
005400
005401
005402
005405
005406
005407
005408
005409
005410
005412
005413
005414
005415
005416
005417
005418
005419
005420
005421
005422
005423
005424
005425
005426
005427
005428
005429
005430
005431
005432
005433
005434
005436
005437
005439
005440
005441
005443
005444
005445
005447
005448
005449
005450
005452
005453
005454
005455
005456
005457
005458
005459
005460
005461
005462
005466
005467
005468
005469
005470
005471
005472
005473
005474
005475
005477
005478
005479
005480
005481
005482
005484
005485
005486
005487
005489
005490
005491
005492
005493
005494
005496
005497
005498
005499
005500
005501
005502
005503
005504
005505
005506
005507
005508
005511
005514
005517
005518
005519
005521
005522
005523
005524
005526
005527
005529
005530
005532
005533
005534
005535
005536
005537
005538
005539
005540
005541
005544
005545
005547
005548
005549
005550
005551
005552
005553
005555
005557
005558
005559
005561
005562
005564
005565
005566
005567
005568
005570
005571
005572
005574
005575
005577
005578
005579
005581
005582
005583
005584
005585
005587
005589
005590
005591
005592
005593
005596
005598
005599
005600
005602
005604
005605
005606
005607
005608
005612
005613
005614
005615
005616
005618
005619
005621
005622
005623
005624
005625
005627
005629
005630
005631
005633
005634
005637
005638
005639
005640
005641
005642
005643
005644
005646
005647
005648
005650
005651
005652
005653
005654
005655
005656
005657
005658
005660
005661
005662
005663
005664
005665
005666
005667
005669
005670
005671
005672
005673
005674
005675
005676
005677
005678
005679
005680
005681
005682
005683
005684
005685
005687
005688
005691
005692
005693
005694
005695
005697
005698
005700
005701
005704
005705
005706
005707
005710
005711
005713
005715
005716
005717
005718
005722
005723
005726
005728
005729
005730
005731
005732
005733
005734
005736
005738
005739
005743
005744
005745
005746
005747
005748
005750
005751
005752
005753
005754
005755
005756
005757
005758
005759
005760
005763
005764
005765
005766
005767
005768
005769
005770
005771
005772
005774
005775
005776
005777
005778
005779
005780
005781
005782
005783
005784
005786
005788
005790
005791
005792
005793
005794
005795
005796
005797
005799
005800
005801
005802
005805
005806
005808
005809
005810
005811
005812
005813
005814
005815
005816
005817
005818
005819
005821
005822
005823
005824
005825
005826
005827
005828
005829
005830
005831
005832
005834
005835
005836
005837
005839
005840
005842
005843
005846
005847
005848
005850
005853
005854
005855
005856
005857
005858
005859
005861
005862
005863
005864
005865
005866
005867
005868
005869
005870
005871
005873
005876
005877
005879
005880
005882
005884
005886
005887
005888
005889
005890
005891
005892
005893
005895
005896
005898
005899
005901
005902
005903
005904
005905
005906
005910
005911
005913
005915
005916
005917
005918
005919
005921
005922
005923
005924
005925
005929
005930
005931
005932
005933
005934
005935
005936
005937
005938
005939
005940
005941
005942
005945
005946
005947
005948
005949
005950
005951
005953
005954
005955
005956
005958
005959
005961
005963
005966
005971
005972
005973
005975
005976
005978
005980
005987
005988
005989
005990
005991
005992
005993
005994
005995
005998
005999
006000
006001
006002
006003
006004
006007
006008
006011
006012
006014
006015
006016
006017
006018
006019
006021
006022
006023
006024
006025
006026
006027
006028
006029
006030
006031
006032
006033
006034
006035
006036
006037
006038
006039
006040
006041
006043
006045
006046
006047
006048
006050
006051
006052
006053
006054
006055
006058
006059
006061
006062
006063
006064
006065
006066
006067
006070
006071
006072
006073
006074
006075
006076
006078
006080
006082
006083
006084
006085
006086
006087
006088
006089
006090
006091
006093
006094
006095
006096
006097
006098
006099
006100
006101
006102
006105
006106
006107
006108
006110
006111
006113
006114
006115
006116
006117
006118
006119
006120
006121
006122
006125
006126
006127
006128
006129
006131
006132
006133
006134
006135
006137
006138
006140
006142
006143
006144
006145
006146
006147
006148
006149
006150
006151
006152
006154
006155
006156
006157
006158
006159
006160
006161
006162
006163
006165
006166
006167
006168
006169
006170
006171
006172
006173
006174
006175
006176
006177
006178
006179
006180
006181
006182
006183
006184
006186
006187
006189
006190
006191
006192
006193
006194
006195
006196
006198
006199
006200
006201
006202
006203
006204
006205
006206
006208
006209
006212
006214
006215
006216
006217
006218
006219
006220
006221
006222
006223
006224
006225
006226
006227
006228
006229
006230
006231
006232
006233
006234
006236
006237
006238
006240
006241
006245
006246
006247
006248
006249
006250
006251
006253
006254
006256
006257
006258
006260
006261
006263
006264
006266
006267
006269
006270
006271
006273
006274
006276
006278
006279
006280
006281
006282
006283
006284
006285
006286
006288
006289
006290
006291
006292
006293
006294
006296
006297
006298
006299
006300
006303
006305
006307
006308
006309
006310
006311
006312
006313
006314
006316
006317
006318
006319
006324
006325
006326
006327
006328
006329
006330
006331
006332
006333
006334
006335
006336
006337
006338
006339
006340
006341
006342
006343
006344
006345
006346
006347
006348
006349
006350
006351
006352
006353
006354
006355
006357
006358
006360
006361
006362
006363
006364
006365
006368
006369
006370
006371
006372
006373
006374
006375
006376
006377
006378
006379
006380
006381
006382
006384
006385
006386
006387
006388
006390
006392
006393
006394
006395
006396
006397
006398
006399
006400
006401
006402
006403
006404
006405
006406
006407
006410
006411
006412
006414
006415
006417
006418
006419
006421
006422
006423
006424
006425
006426
006427
006428
006429
006430
006431
006434
006435
006436
006437
006438
006440
006442
006443
006444
006445
006446
006447
006449
006452
006453
006454
006455
006456
006457
006459
006460
006461
006462
006463
006464
006465
006466
006467
006468
006469
006474
006475
006477
006478
006480
006481
006483
006484
006485
006486
006488
006490
006491
006492
006493
006494
006497
006498
006499
006500
006501
006502
006503
006504
006505
006506
006508
006509
006510
006511
006512
006513
006514
006515
006516
006518
006519
006520
006521
006522
006523
006524
006525
006526
006527
006530
006531
006534
006535
006536
006537
006538
006539
006540
006542
006544
006545
006547
006549
006550
006551
006552
006553
006554
006555
006556
006558
006559
006560
006561
006562
006563
006564
006565
006566
006567
006568
006569
006570
006571
006572
006573
006575

